9.504   6729.97107
9.508   6728.89477
9.512   6727.81888
9.516   6726.74341
9.52   6725.66836
9.524   6724.59372
9.528   6723.5195
9.532   6722.4457
9.536   6721.37231
9.54   6720.29935
9.544   6719.2268
9.548   6718.15467
9.552   6717.08297
9.556   6716.01169
9.56   6714.94083
9.564   6713.8704
9.568   6712.80039
9.572   6711.73081
9.576   6710.66165
9.58   6709.59293
9.584   6708.52464
9.588   6707.45678
9.592   6706.38936
9.596   6705.32237
9.6   6704.25582
9.604   6703.1897
9.608   6702.12403
9.612   6701.0588
9.616   6699.99402
9.62   6698.92968
9.624   6697.86579
9.628   6696.80235
9.632   6695.73937
9.636   6694.67684
9.64   6693.61476
9.644   6692.55315
9.648   6691.49201
9.652   6690.43133
9.656   6689.37111
9.66   6688.31137
9.664   6687.25211
9.668   6686.19332
9.672   6685.13502
9.676   6684.0772
9.68   6683.01987
9.684   6681.96303
9.688   6680.90669
9.692   6679.85085
9.696   6678.79551
9.7   6677.74068
9.704   6676.68637
9.708   6675.63257
9.712   6674.5793
9.716   6673.52656
9.72   6672.47435
9.724   6671.42267
9.728   6670.37155
9.732   6669.32097
9.736   6668.27095
9.74   6667.2215
9.744   6666.17261
9.748   6665.1243
9.752   6664.07658
9.756   6663.02945
9.76   6661.98292
9.764   6660.93699
9.768   6659.89168
9.772   6658.847
9.776   6657.80296
9.78   6656.75955
9.784   6655.71681
9.788   6654.67473
9.792   6653.63332
9.796   6652.5926
9.8   6651.55259
9.804   6650.51328
9.808   6649.4747
9.812   6648.43686
9.816   6647.39978
9.82   6646.36346
9.824   6645.32793
9.828   6644.2932
9.832   6643.25929
9.836   6642.22622
9.84   6641.194
9.844   6640.16266
9.848   6639.13221
9.852   6638.10268
9.856   6637.0741
9.86   6636.04648
9.864   6635.01985
9.868   6633.99425
9.872   6632.96969
9.876   6631.9462
9.88   6630.92383
9.884   6629.90259
9.888   6628.88253
9.892   6627.86369
9.896   6626.84609
9.9   6625.82979
9.904   6624.81483
9.908   6623.80124
9.912   6622.78909
9.916   6621.77842
9.92   6620.76929
9.924   6619.76175
9.928   6618.75586
9.932   6617.7517
9.936   6616.74932
9.94   6615.74881
9.944   6614.75024
9.948   6613.7537
9.952   6612.75927
9.956   6611.76704
9.96   6610.77713
9.964   6609.78964
9.968   6608.80467
9.972   6607.82237
9.976   6606.84286
9.98   6605.86627
9.984   6604.89278
9.988   6603.92253
9.992   6602.9557
9.996   6601.99249
10.0   6601.03257
10.004   6600.07456
10.008   6599.11511
10.012   6598.15247
10.016   6597.21095
10.02   6596.27455
10.024   6595.3436
10.028   6594.41846
10.032   6593.49952
10.036   6592.5872
10.04   6591.68197
10.044   6590.78434
10.048   6589.89487
10.052   6589.01416
10.056   6588.1429
10.06   6587.28182
10.064   6586.43174
10.068   6585.59357
10.072   6584.76831
10.076   6583.95707
10.08   6583.1611
10.084   6582.38178
10.088   6581.62064
10.092   6580.87944
10.096   6580.16011
10.1   6579.46485
10.104   6578.79615
10.108   6578.15682
10.112   6577.55006
10.116   6576.97953
10.12   6576.44943
10.124   6575.96455
10.128   6575.53046
10.132   6575.1536
10.136   6574.84146
10.14   6574.60281
10.144   6574.44795
10.148   6574.38907
10.152   6574.44061
10.156   6574.61988
10.16   6574.94767
10.164   6575.44918
10.168   6576.15515
10.172   6577.10339
10.176   6578.34079
10.18   6579.92607
10.184   6581.93348
10.188   6584.4581
10.192   6587.62379
10.196   6591.59779
10.2   6596.6257
10.204   6603.13603
10.208   6612.06611
10.212   6625.807
10.216   6650.59762
10.22   6701.61007
10.224   6811.51808
10.228   7040.52339
10.232   7479.85029
10.236   8234.69175
10.24   9375.15758
10.244   10863.0215
10.248   12491.5138
10.252   13890.7165
10.256   14635.5074
10.26   14450.5295
10.264   13399.3424
10.268   11845.5538
10.272   10221.9039
10.276   8846.48435
10.28   7857.79891
10.284   7241.15907
10.288   6901.52509
10.292   6732.42462
10.296   6653.07193
10.3   6615.23339
10.304   6594.94708
10.308   6581.94738
10.312   6572.27915
10.316   6564.46492
10.32   6557.8954
10.324   6552.25647
10.328   6547.34693
10.332   6543.02155
10.336   6539.17018
10.34   6535.70737
10.344   6532.56601
10.348   6529.69278
10.352   6527.04493
10.356   6524.58783
10.36   6522.29325
10.364   6520.13797
10.368   6518.10277
10.372   6516.17162
10.376   6514.33107
10.38   6512.56978
10.384   6510.87814
10.388   6509.24792
10.392   6507.67212
10.396   6506.14467
10.4   6504.66035
10.404   6503.21462
10.408   6501.80352
10.412   6500.4236
10.416   6499.07182
10.42   6497.74552
10.424   6496.44233
10.428   6495.16017
10.432   6493.89718
10.436   6492.6517
10.44   6491.42227
10.444   6490.20756
10.448   6489.00639
10.452   6487.81769
10.456   6486.64049
10.46   6485.47394
10.464   6484.31725
10.468   6483.16969
10.472   6482.03064
10.476   6480.89949
10.48   6479.77572
10.484   6478.65882
10.488   6477.54836
10.492   6476.44392
10.496   6475.34512
10.5   6474.25162
10.504   6473.1631
10.508   6472.07927
10.512   6470.99985
10.516   6469.9246
10.52   6468.85328
10.524   6467.78568
10.528   6466.72159
10.532   6465.66085
10.536   6464.60327
10.54   6463.54869
10.544   6462.49698
10.548   6461.44798
10.552   6460.40157
10.556   6459.35763
10.56   6458.31604
10.564   6457.27671
10.568   6456.23953
10.572   6455.2044
10.576   6454.17126
10.58   6453.14
10.584   6452.11056
10.588   6451.08286
10.592   6450.05684
10.596   6449.03243
10.6   6448.00957
10.604   6446.98821
10.608   6445.96829
10.612   6444.94976
10.616   6443.93258
10.62   6442.91669
10.624   6441.90207
10.628   6440.88865
10.632   6439.87642
10.636   6438.86533
10.64   6437.85534
10.644   6436.84643
10.648   6435.83857
10.652   6434.83171
10.656   6433.82585
10.66   6432.82094
10.664   6431.81697
10.668   6430.81391
10.672   6429.81174
10.676   6428.81044
10.68   6427.80998
10.684   6426.81034
10.688   6425.81151
10.692   6424.81348
10.696   6423.81621
10.7   6422.81969
10.704   6421.82392
10.708   6420.82887
10.712   6419.83453
10.716   6418.84089
10.72   6417.84792
10.724   6416.85563
10.728   6415.864
10.732   6414.87301
10.736   6413.88266
10.74   6412.89293
10.744   6411.90382
10.748   6410.91531
10.752   6409.9274
10.756   6408.94007
10.76   6407.95332
10.764   6406.96714
10.768   6405.98152
10.772   6404.99646
10.776   6404.01194
10.78   6403.02796
10.784   6402.04451
10.788   6401.06158
10.792   6400.07917
10.796   6399.09728
10.8   6398.11589
10.804   6397.13501
10.808   6396.15462
10.812   6395.17472
10.816   6394.1953
10.82   6393.21637
10.824   6392.23791
10.828   6391.25992
10.832   6390.28239
10.836   6389.30533
10.84   6388.32873
10.844   6387.35258
10.848   6386.37687
10.852   6385.40162
10.856   6384.42681
10.86   6383.45243
10.864   6382.47849
10.868   6381.50499
10.872   6380.53191
10.876   6379.55926
10.88   6378.58703
10.884   6377.61522
10.888   6376.64382
10.892   6375.67285
10.896   6374.70228
10.9   6373.73212
10.904   6372.76237
10.908   6371.79302
10.912   6370.82407
10.916   6369.85553
10.92   6368.88738
10.924   6367.91962
10.928   6366.95226
10.932   6365.98529
10.936   6365.01871
10.94   6364.05252
10.944   6363.08671
10.948   6362.12128
10.952   6361.15623
10.956   6360.19157
10.96   6359.22728
10.964   6358.26337
10.968   6357.29984
10.972   6356.33667
10.976   6355.37388
10.98   6354.41146
10.984   6353.44941
10.988   6352.48773
10.992   6351.52641
10.996   6350.56546
11.0   6349.60487
