19.504   4890.20712
19.508   4889.74384
19.512   4889.28077
19.516   4888.81791
19.52   4888.35528
19.524   4887.89287
19.528   4887.43068
19.532   4886.96872
19.536   4886.50698
19.54   4886.04546
19.544   4885.58416
19.548   4885.1231
19.552   4884.66226
19.556   4884.20165
19.56   4883.74126
19.564   4883.28111
19.568   4882.82119
19.572   4882.3615
19.576   4881.90204
19.58   4881.44282
19.584   4880.98383
19.588   4880.52508
19.592   4880.06656
19.596   4879.60829
19.6   4879.15025
19.604   4878.69246
19.608   4878.2349
19.612   4877.7776
19.616   4877.32053
19.62   4876.86371
19.624   4876.40714
19.628   4875.95082
19.632   4875.49475
19.636   4875.03893
19.64   4874.58337
19.644   4874.12806
19.648   4873.673
19.652   4873.21821
19.656   4872.76367
19.66   4872.30939
19.664   4871.85538
19.668   4871.40163
19.672   4870.94815
19.676   4870.49493
19.68   4870.04199
19.684   4869.58931
19.688   4869.13691
19.692   4868.68479
19.696   4868.23294
19.7   4867.78138
19.704   4867.33009
19.708   4866.87909
19.712   4866.42837
19.716   4865.97794
19.72   4865.52781
19.724   4865.07796
19.728   4864.62841
19.732   4864.17916
19.736   4863.73021
19.74   4863.28156
19.744   4862.83322
19.748   4862.38518
19.752   4861.93745
19.756   4861.49004
19.76   4861.04295
19.764   4860.59617
19.768   4860.14971
19.772   4859.70358
19.776   4859.25778
19.78   4858.81231
19.784   4858.36718
19.788   4857.92238
19.792   4857.47793
19.796   4857.03382
19.8   4856.59006
19.804   4856.14665
19.808   4855.7036
19.812   4855.26091
19.816   4854.81859
19.82   4854.37663
19.824   4853.93504
19.828   4853.49384
19.832   4853.05301
19.836   4852.61257
19.84   4852.17252
19.844   4851.73287
19.848   4851.29362
19.852   4850.85477
19.856   4850.41634
19.86   4849.97832
19.864   4849.54072
19.868   4849.10355
19.872   4848.66682
19.876   4848.23052
19.88   4847.79467
19.884   4847.35926
19.888   4846.92432
19.892   4846.48984
19.896   4846.05584
19.9   4845.62231
19.904   4845.18926
19.908   4844.75671
19.912   4844.32466
19.916   4843.89312
19.92   4843.4621
19.924   4843.0316
19.928   4842.60163
19.932   4842.1722
19.936   4841.74333
19.94   4841.31502
19.944   4840.88727
19.948   4840.46011
19.952   4840.03354
19.956   4839.60756
19.96   4839.1822
19.964   4838.75746
19.968   4838.33336
19.972   4837.9099
19.976   4837.4871
19.98   4837.06497
19.984   4836.64352
19.988   4836.22277
19.992   4835.80273
19.996   4835.38342
20.0   4834.96484
20.004   4834.54702
20.008   4834.12997
20.012   4833.71371
20.016   4833.29826
20.02   4832.88362
20.024   4832.46983
20.028   4832.05689
20.032   4831.64483
20.036   4831.23366
20.04   4830.82341
20.044   4830.4141
20.048   4830.00576
20.052   4829.59839
20.056   4829.19204
20.06   4828.78671
20.064   4828.38244
20.068   4827.97926
20.072   4827.57718
20.076   4827.17625
20.08   4826.77648
20.084   4826.37791
20.088   4825.98057
20.092   4825.58449
20.096   4825.18971
20.1   4824.79626
20.104   4824.40418
20.108   4824.01351
20.112   4823.62428
20.116   4823.23655
20.12   4822.85034
20.124   4822.46571
20.128   4822.08269
20.132   4821.70135
20.136   4821.32173
20.14   4820.94389
20.144   4820.56787
20.148   4820.19373
20.152   4819.82154
20.156   4819.45136
20.16   4819.08324
20.164   4818.71727
20.168   4818.3535
20.172   4817.99202
20.176   4817.6329
20.18   4817.27622
20.184   4816.92206
20.188   4816.57052
20.192   4816.22169
20.196   4815.87565
20.2   4815.53253
20.204   4815.19241
20.208   4814.85542
20.212   4814.52166
20.216   4814.19127
20.22   4813.86437
20.224   4813.5411
20.228   4813.2216
20.232   4812.90602
20.236   4812.59452
20.24   4812.28726
20.244   4811.98443
20.248   4811.68619
20.252   4811.39276
20.256   4811.10433
20.26   4810.82112
20.264   4810.54336
20.268   4810.2713
20.272   4810.00519
20.276   4809.74529
20.28   4809.49191
20.284   4809.24534
20.288   4809.0059
20.292   4808.77394
20.296   4808.54983
20.3   4808.33394
20.304   4808.12669
20.308   4807.92853
20.312   4807.73991
20.316   4807.56134
20.32   4807.39334
20.324   4807.23648
20.328   4807.09137
20.332   4806.95866
20.336   4806.83904
20.34   4806.73325
20.344   4806.6421
20.348   4806.56644
20.352   4806.5072
20.356   4806.46536
20.36   4806.442
20.364   4806.43826
20.368   4806.45541
20.372   4806.49477
20.376   4806.55781
20.38   4806.6461
20.384   4806.76137
20.388   4806.90547
20.392   4807.08043
20.396   4807.28845
20.4   4807.53196
20.404   4807.81359
20.408   4808.13621
20.412   4808.503
20.416   4808.91742
20.42   4809.38332
20.424   4809.90489
20.428   4810.48681
20.432   4811.13424
20.436   4811.85288
20.44   4812.6491
20.444   4813.52999
20.448   4814.50345
20.452   4815.57836
20.456   4816.76464
20.46   4818.0735
20.464   4819.51755
20.468   4821.1111
20.472   4822.87038
20.476   4824.81387
20.48   4826.96273
20.484   4829.34118
20.488   4831.97717
20.492   4834.90298
20.496   4838.15609
20.5   4841.78023
20.504   4845.82663
20.508   4850.35565
20.512   4855.43875
20.516   4861.16104
20.52   4867.6245
20.524   4874.95212
20.528   4883.2933
20.532   4892.83083
20.536   4903.7902
20.54   4916.452
20.544   4931.16869
20.548   4948.3879
20.552   4968.68579
20.556   4992.82142
20.56   5021.84318
20.564   5057.3516
20.568   5102.22378
20.572   5162.57379
20.576   5252.53636
20.58   5404.25247
20.584   5684.75276
20.588   6216.66165
20.592   7189.19604
20.596   8834.31686
20.6   11343.9439
20.604   14732.2224
20.608   18693.357
20.612   22530.0874
20.616   25228.2097
20.62   25823.2187
20.624   24064.2468
20.628   20644.0785
20.632   16628.3415
20.636   12894.0723
20.64   9937.15706
20.644   7884.9284
20.648   6612.80445
20.652   5893.35239
20.656   5509.6757
20.66   5306.27167
20.664   5191.40867
20.668   5118.51547
20.672   5066.42273
20.676   5026.01965
20.68   4993.24964
20.684   4966.04222
20.688   4943.13437
20.692   4923.64651
20.696   4906.92257
20.7   4892.45766
20.704   4879.85639
20.708   4868.80569
20.712   4859.05504
20.716   4850.40221
20.72   4842.68257
20.724   4835.76104
20.728   4829.52599
20.732   4823.88456
20.736   4818.75899
20.74   4814.08382
20.744   4809.80359
20.748   4805.8711
20.752   4802.24596
20.756   4798.89348
20.76   4795.78369
20.764   4792.89065
20.768   4790.19175
20.772   4787.66728
20.776   4785.29995
20.78   4783.07454
20.784   4780.97766
20.788   4778.99744
20.792   4777.12335
20.796   4775.34602
20.8   4773.65709
20.804   4772.0491
20.808   4770.51533
20.812   4769.04977
20.816   4767.64699
20.82   4766.3021
20.824   4765.01068
20.828   4763.7687
20.832   4762.57254
20.836   4761.41887
20.84   4760.30469
20.844   4759.22723
20.848   4758.18399
20.852   4757.17265
20.856   4756.1911
20.86   4755.23741
20.864   4754.30978
20.868   4753.40658
20.872   4752.52629
20.876   4751.6675
20.88   4750.82893
20.884   4750.00939
20.888   4749.20775
20.892   4748.42299
20.896   4747.65416
20.9   4746.90037
20.904   4746.16078
20.908   4745.43464
20.912   4744.72122
20.916   4744.01985
20.92   4743.3299
20.924   4742.65079
20.928   4741.98197
20.932   4741.32293
20.936   4740.67318
20.94   4740.03228
20.944   4739.3998
20.948   4738.77533
20.952   4738.15851
20.956   4737.54898
20.96   4736.94641
20.964   4736.35048
20.968   4735.7609
20.972   4735.1774
20.976   4734.5997
20.98   4734.02756
20.984   4733.46074
20.988   4732.89902
20.992   4732.34218
20.996   4731.79004
21.0   4731.24239
21.004   4730.69907
21.008   4730.15989
21.012   4729.62469
21.016   4729.09333
21.02   4728.56566
21.024   4728.04153
21.028   4727.52081
21.032   4727.00339
21.036   4726.48913
21.04   4725.97792
21.044   4725.46966
21.048   4724.96424
21.052   4724.46157
21.056   4723.96154
21.06   4723.46406
21.064   4722.96906
21.068   4722.47644
21.072   4721.98613
21.076   4721.49805
21.08   4721.01214
21.084   4720.52831
21.088   4720.04652
21.092   4719.56668
21.096   4719.08874
21.1   4718.61265
21.104   4718.13834
21.108   4717.66577
21.112   4717.19487
21.116   4716.72561
21.12   4716.25794
21.124   4715.7918
21.128   4715.32715
21.132   4714.86396
21.136   4714.40219
21.14   4713.94178
21.144   4713.48271
21.148   4713.02494
21.152   4712.56844
21.156   4712.11317
21.16   4711.65909
21.164   4711.20619
21.168   4710.75442
21.172   4710.30377
21.176   4709.85419
21.18   4709.40567
21.184   4708.95818
21.188   4708.51169
21.192   4708.06618
21.196   4707.62163
21.2   4707.17802
21.204   4706.73531
21.208   4706.2935
21.212   4705.85255
21.216   4705.41246
21.22   4704.9732
21.224   4704.53476
21.228   4704.09711
21.232   4703.66024
21.236   4703.22413
21.24   4702.78877
21.244   4702.35414
21.248   4701.92038
21.252   4701.49075
21.256   4701.05825
21.26   4700.62642
21.264   4700.19525
21.268   4699.76473
21.272   4699.33484
21.276   4698.90558
21.28   4698.47692
21.284   4698.04887
21.288   4697.6214
21.292   4697.19452
21.296   4696.76819
21.3   4696.34243
21.304   4695.91721
21.308   4695.49253
21.312   4695.06838
21.316   4694.64475
21.32   4694.22163
21.324   4693.79901
21.328   4693.37689
21.332   4692.95525
21.336   4692.53408
21.34   4692.11339
21.344   4691.69317
21.348   4691.27339
21.352   4690.85407
21.356   4690.43519
21.36   4690.01674
21.364   4689.59872
21.368   4689.18113
21.372   4688.76395
21.376   4688.34718
21.38   4687.93082
21.384   4687.51485
21.388   4687.09928
21.392   4686.6841
21.396   4686.2693
21.4   4685.85488
21.404   4685.44083
21.408   4685.02715
21.412   4684.61383
21.416   4684.20087
21.42   4683.78827
21.424   4683.37601
21.428   4682.9641
21.432   4682.55253
21.436   4682.1413
21.44   4681.7304
21.444   4681.31984
21.448   4680.90959
21.452   4680.49967
21.456   4680.09007
21.46   4679.68078
21.464   4679.27181
21.468   4678.86314
21.472   4678.45477
21.476   4678.04671
21.48   4677.63895
21.484   4677.23148
21.488   4676.8243
21.492   4676.41742
21.496   4676.01081
21.5   4675.6045
21.504   4675.19846
21.508   4674.7927
21.512   4674.38722
21.516   4673.98201
21.52   4673.57708
21.524   4673.17241
21.528   4672.768
21.532   4672.36386
21.536   4671.95998
21.54   4671.55636
21.544   4671.153
21.548   4670.74989
21.552   4670.34703
21.556   4669.94442
21.56   4669.54207
21.564   4669.13995
21.568   4668.73809
21.572   4668.33646
21.576   4667.93508
21.58   4667.53393
21.584   4667.13303
21.588   4666.73235
21.592   4666.33191
21.596   4665.93171
21.6   4665.53173
21.604   4665.13198
21.608   4664.73246
21.612   4664.33317
21.616   4663.9341
21.62   4663.53525
21.624   4663.13662
21.628   4662.73821
21.632   4662.34002
21.636   4661.94205
21.64   4661.5443
21.644   4661.14675
21.648   4660.74942
21.652   4660.35231
21.656   4659.9554
21.66   4659.5587
21.664   4659.16221
21.668   4658.76593
21.672   4658.36985
21.676   4657.97398
21.68   4657.57831
21.684   4657.18285
21.688   4656.78758
21.692   4656.39252
21.696   4655.99765
21.7   4655.60299
21.704   4655.20852
21.708   4654.81424
21.712   4654.42017
21.716   4654.02628
21.72   4653.63259
21.724   4653.2391
21.728   4652.84579
21.732   4652.45268
21.736   4652.05975
21.74   4651.66702
21.744   4651.27447
21.748   4650.88211
21.752   4650.48994
21.756   4650.09795
21.76   4649.70615
21.764   4649.31454
21.768   4648.9231
21.772   4648.53185
21.776   4648.14079
21.78   4647.7499
21.784   4647.35919
21.788   4646.96867
21.792   4646.57832
21.796   4646.18816
21.8   4645.79817
21.804   4645.40836
21.808   4645.01873
21.812   4644.62927
21.816   4644.23999
21.82   4643.85089
21.824   4643.46196
21.828   4643.0732
21.832   4642.68462
21.836   4642.29621
21.84   4641.90798
21.844   4641.51997
21.848   4641.13179
21.852   4640.58391
21.856   4639.75472
21.86   4639.37121
21.864   4638.98784
21.868   4638.6046
21.872   4638.2215
21.876   4637.83852
21.88   4637.45568
21.884   4637.07297
21.888   4636.6904
21.892   4636.30796
21.896   4635.92565
21.9   4635.54347
21.904   4635.16143
21.908   4634.77952
21.912   4634.39774
21.916   4634.0161
21.92   4633.63459
21.924   4633.25321
21.928   4632.87197
21.932   4632.49086
21.936   4632.10988
21.94   4631.72904
21.944   4631.34834
21.948   4630.96776
21.952   4630.58732
21.956   4630.20702
21.96   4629.82685
21.964   4629.44682
21.968   4629.06692
21.972   4628.68715
21.976   4628.30752
21.98   4627.92803
21.984   4627.54867
21.988   4627.16945
21.992   4626.79036
21.996   4626.41141
22.0   4626.0326
