35.604   0.296200819832
35.608   0.296189317528
35.612   0.296177905315
35.616   0.296166585525
35.62   0.296155359711
35.624   0.296144230202
35.628   0.296133198552
35.632   0.296122267868
35.636   0.296111439702
35.64   0.296100717162
35.644   0.296090102577
35.648   0.296079598278
35.652   0.296069208148
35.656   0.296058933739
35.66   0.296048779713
35.664   0.296038748399
35.668   0.296028842903
35.672   0.296019067109
35.676   0.296009425677
35.68   0.295999920936
35.684   0.295990558324
35.688   0.295981341724
35.692   0.295972275795
35.696   0.295963364422
35.7   0.295954613816
35.704   0.295946028639
35.708   0.295937615103
35.712   0.295929377092
35.716   0.295921323149
35.72   0.295913457933
35.724   0.295905788436
35.728   0.295898321646
35.732   0.295891066107
35.736   0.295884028033
35.74   0.295877216742
35.744   0.295870640002
35.748   0.29586430791
35.752   0.295858229008
35.756   0.295852414169
35.76   0.295846874268
35.764   0.295841620177
35.768   0.295836663546
35.772   0.295832017578
35.776   0.295827695476
35.78   0.295823711221
35.784   0.295820079568
35.788   0.295816816051
35.792   0.295813937757
35.796   0.295743680499
35.8   0.295642416725
35.804   0.295641862191
35.808   0.295641761226
35.812   0.295642136352
35.816   0.295643010868
35.82   0.295644411183
35.824   0.295646365254
35.828   0.295648901043
35.832   0.295652051167
35.836   0.295655847472
35.84   0.295660327235
35.844   0.29566552696
35.848   0.29567148781
35.852   0.295678254054
35.856   0.295685872292
35.86   0.295694393007
35.864   0.295703870564
35.868   0.295714362437
35.872   0.295725932311
35.876   0.295738647755
35.88   0.295752581
35.884   0.295767812039
35.888   0.295784426307
35.892   0.295802517001
35.896   0.295822183534
35.9   0.295843536969
35.904   0.29586669458
35.908   0.295891786846
35.912   0.295918955895
35.916   0.295948356283
35.92   0.295980157321
35.924   0.296014544629
35.928   0.296051721693
35.932   0.296091915297
35.936   0.296135371641
35.94   0.296182364109
35.944   0.29623319715
35.948   0.296288204728
35.952   0.296347762745
35.956   0.296412285937
35.96   0.296482238745
35.964   0.296558143082
35.968   0.29664058222
35.972   0.296730213211
35.976   0.29682777854
35.98   0.296934117773
35.984   0.297050184648
35.988   0.297177066486
35.992   0.297316004385
35.996   0.29746842429
36.0   0.297635965726
36.004   0.297820528398
36.008   0.298024313356
36.012   0.298249892889
36.016   0.298500278878
36.02   0.298779018321
36.024   0.299090316042
36.028   0.29943917605
36.032   0.299831598027
36.036   0.300274818873
36.04   0.300777631132
36.044   0.301359581732
36.048   0.302019519667
36.052   0.302776556159
36.056   0.303654526066
36.06   0.304679805467
36.064   0.305886265973
36.068   0.307318048161
36.072   0.309033930284
36.076   0.311115451335
36.08   0.313685116682
36.084   0.316951890815
36.088   0.321323313358
36.092   0.327653301897
36.096   0.33769997244
36.1   0.354771320242
36.104   0.384257253044
36.108   0.433348727471
36.112   0.50909544548
36.116   0.614529059649
36.12   0.7436690053
36.124   0.876537143027
36.128   0.976203440276
36.132   1.0
36.136   0.935311846236
36.14   0.814057043432
36.144   0.679368025636
36.148   0.560073163512
36.152   0.468821393168
36.156   0.406612372061
36.16   0.367893237954
36.164   0.345171723545
36.168   0.331998365446
36.172   0.324019944422
36.176   0.318759655461
36.18   0.314966907574
36.184   0.312045919437
36.188   0.309705614395
36.192   0.307787377918
36.196   0.306191869238
36.2   0.304849939388
36.204   0.303710567375
36.208   0.302734980881
36.212   0.3018931978
36.216   0.301161742092
36.22   0.300522028331
36.224   0.299959198273
36.228   0.299461262649
36.232   0.299018468966
36.236   0.298622817644
36.24   0.298267703987
36.244   0.29794763236
36.248   0.297658005726
36.252   0.297394952445
36.256   0.297155196574
36.26   0.29693594758
36.264   0.296734821123
36.268   0.296549767603
36.272   0.296379018569
36.276   0.296221042453
36.28   0.296074504179
36.284   0.295938241866
36.288   0.295811233433
36.292   0.295692584171
36.296   0.295581501886
36.3   0.295477287589
36.304   0.295379319175
36.308   0.295287045993
36.312   0.295199974867
36.316   0.295117663878
36.32   0.295039720037
36.324   0.294965787634
36.328   0.294895546686
36.332   0.29482870983
36.336   0.294765015333
36.34   0.294704227089
36.344   0.294646131519
36.348   0.294590532128
36.352   0.294537252614
36.356   0.294486129879
36.36   0.294437015581
36.364   0.294389774583
36.368   0.294344282619
36.372   0.294300424743
36.376   0.294258096883
36.38   0.29421720118
36.384   0.294177649096
36.388   0.294139358304
36.392   0.294102252693
36.396   0.294066262362
36.4   0.294031320519
36.404   0.293997368139
36.408   0.293964348525
36.412   0.293932209641
36.416   0.293900901781
36.42   0.293870381453
36.424   0.293844246912
36.428   0.293821106387
36.432   0.293792765361
36.436   0.293765058864
36.44   0.293737954277
36.444   0.293711422088
36.448   0.293685432782
36.452   0.293659961507
36.456   0.293634981856
36.46   0.293610471307
36.464   0.293586408113
36.468   0.293562770527
36.472   0.29353953991
36.476   0.293516697622
36.48   0.293494226577
36.484   0.293472110464
36.488   0.293450332975
36.492   0.293428880905
36.496   0.293407739498
36.5   0.293386896328
36.504   0.293366338191
36.508   0.293346054991
36.512   0.293326033525
36.516   0.293306266026
36.52   0.293286740068
36.524   0.293267447884
36.528   0.293248379377
36.532   0.293229526781
36.536   0.29321088233
36.54   0.293192437479
36.544   0.29317418524
36.548   0.293156119399
36.552   0.293138232189
36.556   0.293120518174
36.56   0.29310297114
36.564   0.293085585651
36.568   0.293068356271
36.572   0.293051277562
36.576   0.293034344088
36.58   0.293017552742
36.584   0.293000897312
36.588   0.29298437469
36.592   0.292967980217
36.596   0.292951710009
36.6   0.292935560959
36.604   0.292919529185
36.608   0.29290361158
36.612   0.29288780426
36.616   0.292872104119
36.62   0.292856509604
36.624   0.292841016053
36.628   0.292825621916
36.632   0.29281032486
36.636   0.29279512178
36.64   0.292780011123
36.644   0.292764989004
36.648   0.292750055424
36.652   0.292735207277
36.656   0.292720443009
36.66   0.29270576029
36.664   0.292691157566
36.668   0.292676633286
36.672   0.29266218667
36.676   0.292647814615
36.68   0.292633517118
36.684   0.292619292627
36.688   0.292605138812
36.692   0.292591055673
36.696   0.292577041656
