58.32   0.511207235549
58.34   0.509241053873
58.36   0.489579237122
58.38   0.537554069996
58.4   0.480928037751
58.42   0.516712544239
58.44   0.480141565081
58.46   0.517892253244
58.48   0.495477782147
58.5   0.452221785293
58.52   0.535981124656
58.54   0.490758946127
58.56   0.502949272513
58.58   0.511600471884
58.6   0.524970507275
58.62   0.521038143924
58.64   0.52850963429
58.66   0.533621706646
58.68   0.529689343295
58.7   0.511207235549
58.72   0.515532835234
58.74   0.52615021628
58.76   0.517105780574
58.78   0.524970507275
58.8   0.533621706646
58.82   0.533621706646
58.84   0.549351160047
58.86   0.550924105387
58.88   0.57373181282
58.9   0.604011010617
58.92   0.605583955958
58.94   0.658670861188
58.96   0.637829335431
58.98   0.663389697208
59.0   0.706252457727
59.02   0.761698780967
59.04   0.768383798663
59.06   0.787259142745
59.08   0.799449469131
59.1   0.830908375934
59.12   0.938261895399
59.14   0.921745969328
59.16   0.991348800629
59.18   1.0
59.2   0.964215493512
59.22   0.963429020842
59.24   0.956350766811
59.26   0.957923712151
59.28   0.909162406606
59.3   0.88989382619
59.32   0.866692882422
59.34   0.860794337397
59.36   0.7923712151
59.38   0.766024380653
59.4   0.727880456154
59.42   0.668108533228
59.44   0.670861187574
59.46   0.657491152182
59.48   0.620133700354
59.5   0.599292174597
59.52   0.5768777035
59.54   0.589461266221
59.56   0.579630357845
59.58   0.559182068423
59.6   0.551710578057
59.62   0.543845851357
59.64   0.546598505702
59.66   0.505308690523
59.68   0.513566653559
59.7   0.530475815965
59.72   0.534801415651
59.74   0.535194651986
59.76   0.532441997641
59.78   0.52615021628
59.8   0.518678725914
59.82   0.545025560362
59.84   0.507668108533
59.86   0.502949272513
59.88   0.518678725914
59.9   0.531655524971
59.92   0.514353126229
59.94   0.502949272513
59.96   0.493511600472
59.98   0.518678725914
60.0   0.515532835234
60.02   0.491152182462
60.04   0.509634290208
60.06   0.501376327173
60.08   0.493904836807
60.1   0.506095163193
60.12   0.497050727487
60.14   0.523397561935
60.16   0.495871018482
60.18   0.495477782147
