76.02   12.0
76.04   21.0
76.06   23.0
76.08   26.0
76.1   32.0
76.12   25.0
76.14   30.0
76.16   21.0
76.18   27.0
76.2   24.0
76.22   32.0
76.24   35.0
76.26   29.0
76.28   20.0
76.3   35.0
76.32   35.0
76.34   15.0
76.36   24.0
76.38   37.0
76.4   37.0
76.42   28.0
76.44   33.0
76.46   41.0
76.48   29.0
76.5   41.0
76.52   38.0
76.54   48.0
76.56   44.0
76.58   64.0
76.6   64.0
76.62   51.0
76.64   60.0
76.66   87.0
76.68   92.0
76.7   88.0
76.72   99.0
76.74   149.0
76.76   133.0
76.78   144.0
76.8   184.0
76.82   210.0
76.84   272.0
76.86   384.0
76.88   464.0
76.9   581.0
76.92   765.0
76.94   738.0
76.96   658.0
76.98   493.0
77.0   419.0
77.02   292.0
77.04   246.0
77.06   184.0
77.08   148.0
77.1   141.0
77.12   113.0
77.14   98.0
77.16   78.0
77.18   78.0
77.2   75.0
77.22   62.0
77.24   72.0
77.26   39.0
77.28   48.0
77.3   29.0
77.32   40.0
77.34   25.0
77.36   51.0
77.38   19.0
77.4   41.0
77.42   27.0
77.44   29.0
77.46   38.0
77.48   31.0
77.5   21.0
77.52   23.0
77.54   46.0
77.56   34.0
77.58   14.0
77.6   30.0
77.62   20.0
77.64   22.0
77.66   20.0
77.68   27.0
77.7   21.0
77.72   25.0
77.74   24.0
77.76   23.0
77.78   20.0
77.8   18.0
77.82   20.0
77.84   18.0
77.86   31.0
77.88   15.0
77.9   20.0
77.92   23.0
77.94   15.0
77.96   15.0
77.98   15.0
78.0   22.0
