76.02   59.0
76.04   77.0
76.06   64.0
76.08   66.0
76.1   62.0
76.12   60.0
76.14   70.0
76.16   55.0
76.18   76.0
76.2   72.0
76.22   59.0
76.24   77.0
76.26   68.0
76.28   74.0
76.3   69.0
76.32   73.0
76.34   76.0
76.36   95.0
76.38   96.0
76.4   84.0
76.42   81.0
76.44   114.0
76.46   115.0
76.48   104.0
76.5   96.0
76.52   92.0
76.54   124.0
76.56   126.0
76.58   116.0
76.6   132.0
76.62   149.0
76.64   159.0
76.66   149.0
76.68   160.0
76.7   162.0
76.72   208.0
76.74   196.0
76.76   242.0
76.78   260.0
76.8   271.0
76.82   274.0
76.84   354.0
76.86   351.0
76.88   336.0
76.9   332.0
76.92   378.0
76.94   365.0
76.96   380.0
76.98   332.0
77.0   313.0
77.02   287.0
77.04   303.0
77.06   293.0
77.08   269.0
77.1   269.0
77.12   283.0
77.14   254.0
77.16   255.0
77.18   287.0
77.2   220.0
77.22   215.0
77.24   157.0
77.26   173.0
77.28   184.0
77.3   152.0
77.32   133.0
77.34   133.0
77.36   142.0
77.38   140.0
77.4   92.0
77.42   105.0
77.44   115.0
77.46   103.0
77.48   81.0
77.5   90.0
77.52   82.0
77.54   92.0
77.56   102.0
77.58   77.0
77.6   81.0
77.62   80.0
77.64   79.0
77.66   79.0
77.68   84.0
77.7   75.0
77.72   70.0
77.74   64.0
77.76   77.0
77.78   59.0
77.8   79.0
77.82   65.0
77.84   67.0
77.86   76.0
77.88   82.0
77.9   60.0
77.92   59.0
77.94   53.0
77.96   61.0
77.98   65.0
78.0   66.0
