21.0001   200.94516
21.0251   200.82576
21.0501   200.76858
21.0751   200.77928
21.1001   200.86441
21.1251   201.03153
21.1501   201.28943
21.1751   201.64835
21.2001   202.12033
21.2251   202.71949
21.2501   203.46259
21.2751   204.36954
21.3001   205.46419
21.3251   206.7753
21.3501   208.33775
21.3751   210.19421
21.4001   212.39727
21.4251   215.0124
21.4501   218.12186
21.4751   221.83016
21.5001   226.27167
21.5251   231.62143
21.5501   238.11094
21.5751   246.05144
21.6001   255.86974
21.6251   268.16632
21.6501   283.81812
21.6751   304.18347
21.7001   331.54572
21.7251   370.06775
21.7501   427.63605
21.7751   518.79824
21.8001   668.0257
21.8251   909.71061
21.8501   1278.2438
21.8751   1785.14756
21.9001   2380.75282
21.9251   2904.15425
21.9501   3097.34969
21.9751   2857.3908
22.0001   2363.54269
22.0251   1787.93778
22.0501   1270.03202
22.0751   893.03452
22.1001   651.46775
22.1251   505.54635
22.1501   417.50205
22.1751   361.72296
22.2001   323.77225
22.2251   296.26308
22.2501   275.41627
22.2751   259.14149
22.3001   246.16084
22.3251   235.62956
22.3501   226.9609
22.3751   219.7344
22.4001   213.64192
22.4251   208.45345
22.4501   203.99459
22.4751   200.13116
22.5001   196.7586
22.5251   193.79446
22.5501   191.17304
22.5751   188.84143
22.6001   186.75669
22.6251   184.88361
22.6501   183.19317
22.6751   181.66122
22.7001   180.26755
22.7251   178.99514
22.7501   177.82959
22.7751   176.75862
22.8001   175.77173
22.8251   174.85986
22.8501   174.0152
22.8751   173.23098
22.9001   172.50129
22.9251   171.82094
22.9501   171.1854
22.9751   170.59066
