21.0001   245.36204
21.0251   245.40696
21.0501   245.46565
21.0751   245.53911
21.1001   245.62851
21.1251   245.73518
21.1501   245.86072
21.1751   246.00697
21.2001   246.17612
21.2251   246.37076
21.2501   246.59396
21.2751   246.84939
21.3001   247.14148
21.3251   247.47557
21.3501   247.85818
21.3751   248.29731
21.4001   248.8029
21.4251   249.38733
21.4501   250.06628
21.4751   250.85979
21.5001   251.7938
21.5251   252.90242
21.5501   254.2312
21.5751   255.84218
21.6001   257.82167
21.6251   260.29292
21.6501   263.4373
21.6751   267.53179
21.7001   273.01958
21.7251   280.65389
21.7501   291.82727
21.7751   309.57234
21.8001   345.07946
21.8251   445.22719
21.8501   672.5088
21.8751   1061.20503
21.9001   1748.31401
21.9251   3097.28496
21.9501   4212.54141
21.9751   2711.26245
22.0001   2117.61638
22.0251   1368.53324
22.0501   643.78642
22.0751   412.65403
22.1001   346.44358
22.1251   315.04999
22.1501   296.44395
22.1751   284.42819
22.2001   276.20265
22.2251   270.32031
22.2501   265.9687
22.2751   262.66157
22.3001   260.09268
22.3251   258.06104
22.3501   256.43009
22.3751   255.1043
22.4001   254.01519
22.4251   253.11257
22.4501   252.35895
22.4751   251.72588
22.5001   251.19141
22.5251   250.73842
22.5501   250.35335
22.5751   250.02537
22.6001   249.74574
22.6251   249.50734
22.6501   249.30431
22.6751   249.13179
22.7001   248.98575
22.7251   248.86279
22.7501   248.76003
22.7751   248.67503
22.8001   248.60571
22.8251   248.55026
22.8501   248.50714
22.8751   248.475
22.9001   248.45267
22.9251   248.43911
22.9501   248.43343
22.9751   248.43483
