16.004   0.0810401809635
16.008   0.0810306402118
16.012   0.0810211026308
16.016   0.0810115683713
16.02   0.0810020372823
16.024   0.080992509515
16.028   0.0809829847672
16.032   0.080973463492
16.036   0.0809639453874
16.04   0.0809544304534
16.044   0.08094491869
16.048   0.0809354102481
16.052   0.0809259051278
16.056   0.0809164030271
16.06   0.080906904248
16.064   0.0808974087905
16.068   0.0808879163525
16.072   0.0808784272361
16.076   0.0808689414413
16.08   0.0808594588171
16.084   0.0808499793635
16.088   0.0808405030804
16.092   0.080831030119
16.096   0.0808215603281
16.1   0.0808120937078
16.104   0.080802630258
16.108   0.0807931701299
16.112   0.0807837131723
16.116   0.0807742595364
16.12   0.08076480892
16.124   0.0807553616252
16.128   0.0807459175009
16.132   0.0807364766983
16.136   0.0807270389152
16.14   0.0807176044537
16.144   0.0807081731628
16.148   0.0806987450425
16.152   0.0806893202438
16.156   0.0806798986157
16.16   0.0806704800071
16.164   0.0806610648711
16.168   0.0806516527547
16.172   0.0806422438089
16.176   0.0806328381847
16.18   0.0806234355801
16.184   0.080614036297
16.188   0.0806046401846
16.192   0.0805952473937
16.196   0.0805858576224
16.2   0.0805764710217
16.204   0.0805670877425
16.208   0.080557707634
16.212   0.080548330545
16.216   0.0805389567777
16.22   0.0805295861809
16.224   0.0805202187547
16.228   0.0805108544991
16.232   0.080501493565
16.236   0.0804921356506
16.24   0.0804827809067
16.244   0.0804734294845
16.248   0.0804640810818
16.252   0.0804547360007
16.256   0.0804453939392
16.26   0.0804360551993
16.264   0.080426719479
16.268   0.0804173870802
16.272   0.080408057852
16.276   0.0803987316435
16.28   0.0803894087565
16.284   0.0803800890401
16.288   0.0803707723433
16.292   0.0803614589681
16.296   0.0803521486125
16.3   0.0803428415784
16.304   0.080333537564
16.308   0.0803242368711
16.312   0.0803149391978
16.316   0.0803056448461
16.32   0.0802963535141
16.324   0.0802870653526
16.328   0.0802777803616
16.332   0.0802684985413
16.336   0.0802592198916
16.34   0.0802499444124
16.344   0.0802406721039
16.348   0.0802314028149
16.352   0.0802221368475
16.356   0.0802128738997
16.36   0.0802036141225
16.364   0.0801943576669
16.368   0.0801851042309
16.372   0.0801758538145
16.376   0.0801666067197
16.38   0.0801573627954
16.384   0.0801481218908
16.388   0.0801388841567
16.392   0.0801296495932
16.396   0.0801204182004
16.4   0.0801111898271
16.404   0.0801019647754
16.408   0.0800927427433
16.412   0.0800835238818
16.416   0.0800743081908
16.42   0.0800650955195
16.424   0.0800558861698
16.428   0.0800466798396
16.432   0.0800374766801
16.436   0.0800282765401
16.44   0.0800190797218
16.444   0.080009885923
16.448   0.0800006952948
16.452   0.0799915076862
16.456   0.0799823232482
16.46   0.0799731419809
16.464   0.079963963884
16.468   0.0799547889578
16.472   0.0799456170512
16.476   0.0799364481642
16.48   0.0799272825988
16.484   0.0799181200529
16.488   0.0799089606777
16.492   0.079899804473
16.496   0.079890651288
16.5   0.0798815012735
16.504   0.0798723542787
16.508   0.0798632104544
16.512   0.0798540698007
16.516   0.0798449321666
16.52   0.0798357977032
16.524   0.0798266664103
16.528   0.079817538137
16.532   0.0798084130343
16.536   0.0797992911022
16.54   0.0797901721897
16.544   0.0797810564477
16.548   0.0797719437254
16.552   0.0797628341737
16.556   0.0797537276416
16.56   0.0797446242801
16.564   0.0797355240891
16.568   0.0797264269178
16.572   0.0797173329171
16.576   0.0797082419359
16.58   0.0796991541254
16.584   0.0796900694854
16.588   0.0796809878651
16.592   0.0796719092643
16.596   0.0796628338342
16.6   0.0796537615746
16.604   0.0796446923346
16.608   0.0796356262652
16.612   0.0796289147348
16.616   0.0796411097214
16.62   0.0796322092775
16.624   0.079623313363
16.628   0.0796144222798
16.632   0.0796055358771
16.636   0.0795966541548
16.64   0.0795877772638
16.644   0.0795789050532
16.648   0.079570037523
16.652   0.0795611749752
16.656   0.0795523171078
16.66   0.0795434642227
16.664   0.079534616169
16.668   0.0795257729466
16.672   0.0795169347066
16.676   0.079508101449
16.68   0.0794992731737
16.684   0.0794904498808
16.688   0.0794816315702
16.692   0.0794728182419
16.696   0.079464010198
16.7   0.0794552071365
16.704   0.0794464092082
16.708   0.0794376165643
16.712   0.0794288290537
16.716   0.0794200466765
16.72   0.0794112697345
16.724   0.0794024979259
16.728   0.0793937315525
16.732   0.0793849706145
16.736   0.0793762149608
16.74   0.0793674647423
16.744   0.0793587199592
16.748   0.0793499807623
16.752   0.0793412470007
16.756   0.0793325189764
16.76   0.0793237963874
16.764   0.0793150795356
16.768   0.0793063684211
16.772   0.0792976630438
16.776   0.0792889634038
16.78   0.079280269652
16.784   0.0792715816375
16.788   0.0792628996622
16.792   0.0792542235751
16.796   0.0792455535273
16.8   0.0792368895186
16.804   0.0792282317002
16.808   0.0792195800719
16.812   0.0792109344829
16.816   0.079202295235
16.82   0.0791936623283
16.824   0.0791850359138
16.828   0.0791764158404
16.832   0.0791678022592
16.836   0.0791591953212
16.84   0.0791505948753
16.844   0.0791420012235
16.848   0.0791334143658
16.852   0.0791248343023
16.856   0.0791162611838
16.86   0.0791076951614
16.864   0.0790991360841
16.868   0.0790905842539
16.872   0.0790820396707
16.876   0.0790735024856
16.88   0.0790649726985
16.884   0.0790564503094
16.888   0.0790479357714
16.892   0.0790394289333
16.896   0.0790309300972
16.9   0.079022439112
16.904   0.0790139564308
16.908   0.0790054819025
16.912   0.0789970158292
16.916   0.0789885585126
16.92   0.078980109953
16.924   0.0789716704522
16.928   0.0789632400102
16.932   0.0789548192309
16.936   0.0789464081144
16.94   0.0789380069626
16.944   0.0789296162284
16.948   0.0789212362138
16.952   0.0789128673718
16.956   0.0789045101553
16.96   0.0788961651682
16.964   0.0788878330144
16.968   0.0788795144488
16.972   0.0788712105284
16.976   0.0788629221589
16.98   0.0788546508502
16.984   0.0788463981121
16.988   0.0788381659073
16.992   0.0788299569535
16.996   0.0788217742703
17.0   0.0788136220851
17.004   0.0788055061352
17.008   0.0787974345735
17.012   0.0787894226491
17.016   0.0787815016149
17.02   0.078773747112
17.024   0.0787663375993
17.028   0.0787596647198
17.032   0.0787544835263
17.036   0.0787520296424
17.04   0.0787539315421
17.044   0.0787617171469
17.048   0.0787758706509
17.052   0.0787947427445
17.056   0.078813915289
17.06   0.0788266094167
17.064   0.0788258628187
17.068   0.0788087196014
17.072   0.0787787226702
17.076   0.0787430383083
17.08   0.0787082842874
17.084   0.078678580409
17.088   0.0786552990847
17.092   0.078637781738
17.096   0.0786244405084
17.1   0.0786136680589
17.104   0.0786042799484
17.108   0.0785955695888
17.112   0.0785871777978
17.116   0.0785789437812
17.12   0.0785708005039
17.124   0.0785627200344
17.128   0.0785546890864
17.132   0.078546700262
17.136   0.0785387484278
17.14   0.0785308301112
17.144   0.0785229427456
17.148   0.0785150843682
17.152   0.0785072533183
17.156   0.0784994485389
17.16   0.0784916694262
17.164   0.0784839150743
17.168   0.0784761853322
17.172   0.078468479898
17.176   0.0784607987715
17.18   0.078453141802
17.184   0.0784455089893
17.188   0.0784379006354
17.192   0.0784303168913
17.196   0.078422758059
17.2   0.0784152244404
17.204   0.0784077164884
17.208   0.0784002343541
17.212   0.0783927784904
17.216   0.0783853496522
17.22   0.0783779481414
17.224   0.078370574562
17.228   0.0783632293669
17.232   0.0783559131601
17.236   0.0783486266964
17.24   0.0783413705797
17.244   0.078334145565
17.248   0.0783269522561
17.252   0.0783197914081
17.256   0.0783126637757
17.26   0.0783055702649
17.264   0.0782985117815
17.268   0.0782914889295
17.272   0.0782845029167
17.276   0.078277554649
17.28   0.0782706448813
17.284   0.0782637748214
17.288   0.0782569455263
17.292   0.0782501580527
17.296   0.0782434136085
17.3   0.0782367134015
17.304   0.0782300586397
17.308   0.0782234505308
17.312   0.0782168905846
17.316   0.07821038016
17.32   0.0782039206157
17.324   0.0781975134617
17.328   0.0781911603586
17.332   0.0781848628163
17.336   0.0781786227975
17.34   0.0781724418121
17.344   0.0781663218227
17.348   0.0781602646412
17.352   0.0781542725322
17.356   0.0781483473075
17.36   0.0781424913828
17.364   0.0781367068718
17.368   0.0781309961902
17.372   0.0781253619047
17.376   0.0781198064309
17.38   0.0781143326375
17.384   0.0781089433931
17.388   0.0781036414154
17.392   0.0780984300259
17.396   0.0780933123952
17.4   0.0780882919959
17.404   0.0780833721495
17.408   0.0780785567815
17.412   0.0780738496665
17.416   0.0780692548808
17.42   0.078064776954
17.424   0.0780604201134
17.428   0.0780561891904
17.432   0.0780520891674
17.436   0.0780481251778
17.44   0.0780443026567
17.444   0.0780406276435
17.448   0.0780371060263
17.452   0.0780337441463
17.456   0.0780305489487
17.46   0.0780275272276
17.464   0.0780246868338
17.468   0.0780220354675
17.472   0.0780195814326
17.476   0.0780173336368
17.48   0.078015301592
17.484   0.0780134948098
17.488   0.078011924161
17.492   0.0780106003651
17.496   0.0780095353496
17.5   0.0780087414948
17.504   0.078008232238
17.508   0.0780080213184
17.512   0.0780081239851
17.516   0.0780085559399
17.52   0.0780093340928
17.524   0.0780104765612
17.528   0.0780120026708
17.532   0.0780139328039
17.536   0.0780162888526
17.54   0.0780190945209
17.544   0.0780223747204
17.548   0.0780261563258
17.552   0.0780304681742
17.556   0.0780353413677
17.56   0.0780408091219
17.564   0.0780469070681
17.568   0.0780536737064
17.572   0.0780611505564
17.576   0.0780693826102
17.58   0.0780784178796
17.584   0.0780883089057
17.588   0.0780991123062
17.592   0.0781108895301
17.596   0.0781237073108
17.6   0.0781376381187
17.604   0.0781527609167
17.608   0.0781691619145
17.612   0.0781869350219
17.616   0.0782061832076
17.62   0.0782270189518
17.624   0.0782495662096
17.628   0.0782739608632
17.632   0.0783003523832
17.636   0.0783289062441
17.64   0.0783598048301
17.644   0.0783932504551
17.648   0.0784294679287
17.652   0.0784687069724
17.656   0.0785112461452
17.66   0.0785573970704
17.664   0.0786075086637
17.668   0.0786619730211
17.672   0.0787212322131
17.676   0.07878578523
17.68   0.0788561979461
17.684   0.0789331135377
17.688   0.0790172657696
17.692   0.0791094942435
17.696   0.079210764026
17.7   0.0793221876915
17.704   0.0794450541594
17.708   0.0795808623628
17.712   0.079731363372
17.716   0.0798986141438
17.72   0.0800850415365
17.724   0.0802935261046
17.728   0.0805275067282
17.732   0.0807911142302
17.736   0.0810893442491
17.74   0.0814282821998
17.744   0.0818153975342
17.748   0.0822599367434
17.752   0.082773447108
17.756   0.0833704970261
17.76   0.084069676107
17.764   0.08489509652
17.768   0.0858790026903
17.772   0.0870675073449
17.776   0.0885360402777
17.78   0.0904334380904
17.784   0.0931004920177
17.788   0.0973506063978
17.792   0.105027555798
17.796   0.119879180494
17.8   0.148476582456
17.804   0.200348755298
17.808   0.28604917463
17.812   0.412289987378
17.816   0.575068388333
17.82   0.75393051694
17.824   0.911178272851
17.828   1.0
17.832   0.986774210006
17.836   0.876678407842
17.84   0.709493517908
17.844   0.531486484756
17.848   0.376457527332
17.852   0.260449363998
17.856   0.184125111117
17.86   0.139162390126
17.864   0.114876348789
17.868   0.102371818604
17.872   0.0958417600449
17.876   0.0921152783574
17.88   0.0896863428218
17.884   0.0879060693915
17.888   0.086503362391
17.892   0.0853564082896
17.896   0.0844002237765
17.9   0.0835932631296
17.904   0.0829057533216
17.908   0.0823151855948
17.912   0.0818041138652
17.916   0.0813588215659
17.92   0.0809684067064
17.924   0.0806241192192
17.928   0.0803188745012
17.932   0.0800468894004
17.936   0.0798034069781
17.94   0.0795844872505
17.944   0.0793868445829
17.948   0.0792077228284
17.952   0.0790447961345
17.956   0.0788960910368
17.96   0.0787599248589
17.964   0.0786348558894
17.968   0.0785196427676
17.972   0.0784132129289
17.976   0.0783146351264
17.98   0.0782230982935
17.984   0.0781378931246
17.988   0.0780583969764
17.992   0.0779840620922
17.996   0.0779144047309
18.0   0.0778489961083
18.004   0.0777874557538
18.008   0.0777294447165
18.012   0.0776746599787
18.016   0.0776228308327
18.02   0.0775737142001
18.024   0.0775270911593
18.028   0.0774827648319
18.032   0.077440557061
18.036   0.0774003069017
18.04   0.0773618682049
18.044   0.0773251082589
18.048   0.0772899064302
18.052   0.0772561525034
18.056   0.0772237460763
18.06   0.0771925950511
18.064   0.0771626153316
18.068   0.0771337294649
18.072   0.0771058666411
18.076   0.0770789614859
18.08   0.077052953607
18.084   0.0770277877457
18.088   0.0770034125686
18.092   0.0769797806678
18.096   0.0769568479572
18.1   0.0769345738229
18.104   0.0769129205199
18.108   0.0768918528698
18.112   0.0768713384118
18.116   0.0768513464968
18.12   0.0768318488915
18.124   0.0768128191745
18.128   0.0767942327358
18.132   0.0767760664755
18.136   0.0767582988034
18.14   0.076740909488
18.144   0.076723879657
18.148   0.0767071914945
18.152   0.0766908283928
18.156   0.0766747748008
18.16   0.0766590157715
18.164   0.0766435377168
18.168   0.0766283273502
18.172   0.0766133725933
18.176   0.0765986616698
18.18   0.076584184011
18.184   0.0765699288972
18.188   0.0765558868167
18.192   0.0765420485598
18.196   0.0765284053694
18.2   0.0765149489418
18.204   0.0765016715769
18.208   0.0764885658767
18.212   0.0764756247451
18.216   0.076462841539
18.22   0.0764502100681
18.224   0.0764377241423
18.228   0.0764253783264
18.232   0.0764131668829
18.236   0.0764010848296
18.24   0.0763891273351
18.244   0.0763772895681
18.248   0.07636556715
18.252   0.0763539558536
18.256   0.0763424516022
18.26   0.0763310506213
18.264   0.0763197491366
18.268   0.0763085436753
18.272   0.0762974303121
18.276   0.0762864040646
18.28   0.0762754671974
18.284   0.0762646138224
18.288   0.0762538410709
18.292   0.0762431462253
18.296   0.0762325268698
18.3   0.0762219804379
18.304   0.0762115046648
18.308   0.0762010972858
18.312   0.0761907560362
18.316   0.0761804788023
18.32   0.0761702637723
18.324   0.0761601088324
18.328   0.076150012322
18.332   0.0761399722783
18.336   0.0761299873424
18.34   0.0761200555515
18.344   0.076110175396
18.348   0.0761003455169
18.352   0.0760905644045
18.356   0.0760808305489
18.36   0.0760711427424
18.364   0.076061499777
18.368   0.076051900143
18.372   0.0760423427835
18.376   0.0760328266416
18.38   0.0760233505096
18.384   0.0760139131795
18.388   0.0760045138964
18.392   0.0759951514526
18.396   0.0759858249421
18.4   0.075976533308
18.404   0.0759672759465
18.408   0.0759580518007
18.412   0.0759488601156
18.416   0.0759396998345
18.42   0.0759305705044
18.424   0.0759214712193
18.428   0.0759124013754
18.432   0.0759033600668
18.436   0.0758943466896
18.44   0.0758853604888
18.444   0.0758764010116
18.448   0.075867467654
18.452   0.0758585596611
18.456   0.0758496764289
18.46   0.0758408175046
18.464   0.0758319822842
18.468   0.0758231704658
18.472   0.0758143811434
18.476   0.0758056141662
18.48   0.0757968687791
18.484   0.0757881446803
18.488   0.0757794414167
18.492   0.0757707585355
18.496   0.0757620955838
18.5   0.0757534522594
18.504   0.0757448279586
18.508   0.0757362223794
18.512   0.0757276352198
18.516   0.0757190660268
18.52   0.0757105144985
18.524   0.075701980333
18.528   0.0756934630773
18.532   0.0756849624294
18.536   0.0756764780874
18.54   0.0756680097493
18.544   0.0756595572642
18.548   0.075651120028
18.552   0.0756426980409
18.556   0.0756342908499
18.56   0.075625898304
18.564   0.0756175201012
18.568   0.0756091559395
18.572   0.0756008056681
18.576   0.0755924688339
18.58   0.075584145588
18.584   0.0755758353263
18.588   0.075567538049
18.592   0.0755592533031
18.596   0.0755509812395
18.6   0.0755427214053
18.604   0.0755344736495
18.608   0.0755262376702
18.612   0.0755180134674
18.616   0.0755098007391
18.62   0.0755015994853
18.624   0.0754934092531
18.628   0.0754852300424
18.632   0.0754770615513
18.636   0.0754689037799
18.64   0.075460756577
18.644   0.0754526196409
18.648   0.0754444928204
18.652   0.0754363761156
18.656   0.0754282693755
18.66   0.0754201722982
18.664   0.0754120848836
18.668   0.0754040068297
18.672   0.0753959382877
18.676   0.0753878788045
18.68   0.075379828531
18.684   0.0753717871654
18.688   0.0753637547077
18.692   0.0753557310068
18.696   0.0753477159118
18.7   0.0753397092717
18.704   0.0753317110865
18.708   0.0753237212052
18.712   0.0753157394769
18.716   0.0753077659014
18.72   0.075299800328
18.724   0.0752918426055
18.728   0.0752838927341
18.732   0.0752759504116
18.736   0.0752680159401
18.74   0.0752600888667
18.744   0.0752521691912
18.748   0.0752442569139
18.752   0.0752363518836
18.756   0.0752284541003
18.76   0.0752205634131
18.764   0.075212679822
18.768   0.075204803025
18.772   0.0751969331731
18.776   0.0751890702664
18.78   0.0751812140027
18.784   0.0751733643822
18.788   0.0751655212538
18.792   0.0751576847686
18.796   0.0751498547755
18.8   0.0751420311236
18.804   0.0751342138129
18.808   0.0751264028434
18.812   0.075118598064
18.816   0.0751107993239
18.82   0.075103006774
18.824   0.0750952202632
18.828   0.0750874397917
18.832   0.0750796650575
18.836   0.0750718963624
18.84   0.0750641334047
18.844   0.0750563761841
18.848   0.0750486247008
18.852   0.0750408789548
18.856   0.0750331387951
18.86   0.0750254042216
18.864   0.0750176750834
18.868   0.0750099513805
18.872   0.0750022332639
18.876   0.0749945204316
18.88   0.0749868130346
18.884   0.0749791107709
18.888   0.0749714139426
18.892   0.0749637220965
18.896   0.0749560356858
18.9   0.0749483542574
18.904   0.0749406779624
18.908   0.0749330066497
18.912   0.0749253404703
18.916   0.0749176791223
18.92   0.0749100227567
18.924   0.0749023713734
18.928   0.0748947248214
18.932   0.0748870831009
18.936   0.0748794462117
18.94   0.0748718141539
18.944   0.0748641867765
18.948   0.0748565640795
18.952   0.0748489460629
18.956   0.0748413327266
18.96   0.0748337239198
18.964   0.0748261197934
18.968   0.0748185200454
18.972   0.0748109249778
18.976   0.0748033344396
18.98   0.0747957482798
18.984   0.0747881664985
18.988   0.0747805892465
18.992   0.074773016373
18.996   0.074765447878
19.0   0.0747578836104
19.004   0.0747503237212
19.008   0.0747427680594
19.012   0.0747352167761
19.016   0.0747276695693
19.02   0.0747201267409
19.024   0.074712587989
19.028   0.0747050534645
19.032   0.0746975230165
19.036   0.0746899966449
19.04   0.074682435095
19.044   0.0746703071436
19.048   0.0746440296138
19.052   0.0746366724913
19.056   0.0746293179354
19.06   0.0746219659462
19.064   0.0746146163727
19.068   0.0746072693658
19.072   0.0745999247746
19.076   0.0745925829011
19.08   0.0745852432923
19.084   0.0745779064011
19.088   0.0745705719256
19.092   0.0745632400168
19.096   0.0745559105237
19.1   0.0745485835972
19.104   0.0745412592374
19.108   0.0745339372933
19.112   0.0745266179158
19.116   0.0745193009541
19.12   0.074511986559
19.124   0.0745046747305
19.128   0.0744973653178
19.132   0.0744900584717
19.136   0.0744827541923
19.14   0.0744754521776
19.144   0.0744681528805
19.148   0.0744608559991
19.152   0.0744535616844
19.156   0.0744462697854
19.16   0.0744389803021
19.164   0.0744316935364
19.168   0.0744244090354
19.172   0.074417127252
19.176   0.0744098478844
19.18   0.0744025709324
19.184   0.0743952965471
19.188   0.0743880245775
19.192   0.0743807551746
19.196   0.0743734881873
19.2   0.0743662237667
19.204   0.0743589617618
19.208   0.0743517023235
19.212   0.074344445301
19.216   0.0743371906941
19.22   0.0743299386539
19.224   0.0743226891804
19.228   0.0743154421225
19.232   0.0743081974804
19.236   0.0743009554049
19.24   0.074293715745
19.244   0.0742864786519
19.248   0.0742792439744
19.252   0.0742720118636
19.256   0.0742647820175
19.26   0.0742575548891
19.264   0.0742503300254
19.268   0.0742431077283
19.272   0.0742358879979
19.276   0.0742286706832
19.28   0.0742214557841
19.284   0.0742142433008
19.288   0.0742070333841
19.292   0.0741998258831
19.296   0.0741926209488
19.3   0.0741854184301
19.304   0.0741782183272
19.308   0.0741710207909
19.312   0.0741638256703
19.316   0.0741566329653
19.32   0.0741494426761
19.324   0.0741422549535
19.328   0.0741350696467
19.332   0.0741278869064
19.336   0.0741207064309
19.34   0.0741135285221
19.344   0.0741063530289
19.348   0.0740991801024
19.352   0.0740920095916
19.356   0.0740848414965
19.36   0.0740776758171
19.364   0.0740705127043
19.368   0.0740633518563
19.372   0.0740561935749
19.376   0.0740490378601
19.38   0.0740418844101
19.384   0.074035839458
19.388   0.0740367649677
19.392   0.0740296788549
19.396   0.0740225959127
19.4   0.0740155158391
19.404   0.0740084389362
19.408   0.0740013649018
19.412   0.0739942940381
19.416   0.0739872263449
19.42   0.0739801616713
19.424   0.0739731000174
19.428   0.073966041534
19.432   0.0739589860702
19.436   0.0739519337771
19.44   0.0739448846545
19.444   0.0739378385515
19.448   0.0739307956191
19.452   0.0739237558573
19.456   0.0739167191151
19.46   0.0739096856945
19.464   0.0739026554444
19.468   0.073895628365
19.472   0.0738886043051
19.476   0.0738815837179
19.48   0.0738745661502
19.484   0.073867551904
19.488   0.0738605408285
19.492   0.0738535329236
19.496   0.0738465283402
