58.51   0.00954653937947
58.52   0.0501193317422
58.53   0.0190930787589
58.54   0.0214797136038
58.55   0.0238663484487
58.56   0.0310262529833
58.57   0.0238663484487
58.58   0.0286396181384
58.59   0.00715990453461
58.6   0.0238663484487
58.61   0.0214797136038
58.62   0.0310262529833
58.63   0.00477326968974
58.64   0.00954653937947
58.65   0.0167064439141
58.66   0.0381861575179
58.67   0.035799522673
58.68   0.0190930787589
58.69   0.0167064439141
58.7   0.0214797136038
58.71   0.0214797136038
58.72   0.0310262529833
58.73   0.0167064439141
58.74   0.0334128878282
58.75   0.0334128878282
58.76   0.0262529832936
58.77   0.035799522673
58.78   0.0334128878282
58.79   0.0477326968974
58.8   0.0477326968974
58.81   0.0405727923628
58.82   0.0334128878282
58.83   0.0381861575179
58.84   0.035799522673
58.85   0.0405727923628
58.86   0.0501193317422
58.87   0.0405727923628
58.88   0.0525059665871
58.89   0.0238663484487
58.9   0.0405727923628
58.91   0.0525059665871
58.92   0.035799522673
58.93   0.0381861575179
58.94   0.0429594272076
58.95   0.0763723150358
58.96   0.0525059665871
58.97   0.090692124105
58.98   0.0978520286396
58.99   0.188544152745
59.0   0.233890214797
59.01   0.267303102625
59.02   0.386634844869
59.03   0.53937947494
59.04   0.680190930788
59.05   0.837708830549
59.06   0.966587112172
59.07   1.0
59.08   0.954653937947
59.09   0.816229116945
59.1   0.837708830549
59.11   0.587112171838
59.12   0.439140811456
59.13   0.334128878282
59.14   0.224343675418
59.15   0.169451073986
59.16   0.100238663484
59.17   0.107398568019
59.18   0.0811455847255
59.19   0.0859188544153
59.2   0.0119331742243
59.21   0.0334128878282
59.22   0.0167064439141
59.23   0.0692124105012
59.24   0.00715990453461
59.25   0.0501193317422
59.26   -0.054892601432
59.27   0.00715990453461
59.28   0.0119331742243
59.29   0.00715990453461
59.3   -0.00477326968974
59.31   0.0143198090692
59.32   0.0214797136038
59.33   0.0286396181384
59.34   0.035799522673
59.35   0.035799522673
59.36   0.0381861575179
59.37   0.0477326968974
59.38   0.0525059665871
59.39   0.00477326968974
59.4   0.054892601432
59.41   0.0167064439141
59.42   0.0405727923628
59.43   0.0286396181384
59.44   0.0310262529833
59.45   0.0310262529833
59.46   0.0334128878282
59.47   0.0190930787589
59.48   0.035799522673
59.49   0.0262529832936
