8.404   0.79391026883
8.408   0.793777996443
8.412   0.793645773678
8.416   0.793513600536
8.42   0.793381477016
8.424   0.793249404247
8.428   0.7931173811
8.432   0.792985408704
8.436   0.792853487058
8.44   0.79272161729
8.444   0.792589799401
8.448   0.792458033389
8.452   0.792326319256
8.456   0.792194659256
8.46   0.792063052263
8.464   0.791931499403
8.468   0.791800000677
8.472   0.791668556084
8.476   0.791537167881
8.48   0.791405834939
8.484   0.791274559515
8.488   0.79114334048
8.492   0.791012180089
8.496   0.790881077216
8.5   0.790750035243
8.504   0.790619051915
8.508   0.790488129488
8.512   0.790357270216
8.516   0.790226472973
8.52   0.790095738886
8.524   0.789965069083
8.528   0.789834465818
8.532   0.789703929094
8.536   0.789573461164
8.54   0.789443062029
8.544   0.789312733945
8.548   0.789182478039
8.552   0.789052295439
8.556   0.788922188401
8.56   0.788792158052
8.564   0.788662207777
8.568   0.788532337573
8.572   0.788402549699
8.576   0.788272848664
8.58   0.788143234468
8.584   0.788013710495
8.588   0.787884279001
8.592   0.787754943368
8.596   0.787625706981
8.6   0.787496573222
8.604   0.787367544347
8.608   0.787238627123
8.612   0.787109822678
8.616   0.78698113665
8.62   0.786852573551
8.624   0.786724140148
8.628   0.786595839823
8.632   0.786467680471
8.636   0.786339667732
8.64   0.786211809499
8.644   0.786084113667
8.648   0.785956588131
8.652   0.785829241913
8.656   0.785702085164
8.66   0.78557512916
8.664   0.785448386307
8.668   0.78532187014
8.672   0.785195594191
8.676   0.785069574249
8.68   0.784943829488
8.684   0.78481837795
8.688   0.784693241065
8.692   0.784568443644
8.696   0.784444010497
8.7   0.784319973204
8.704   0.784196363341
8.708   0.784073216998
8.712   0.783950577032
8.716   0.783828487425
8.72   0.783707003439
8.724   0.783586181463
8.728   0.783466089165
8.732   0.783346803234
8.736   0.78322841051
8.74   0.783111010237
8.744   0.78299471745
8.748   0.782879662972
8.752   0.782766002438
8.756   0.78265391291
8.76   0.782543603028
8.764   0.78243531865
8.768   0.782329351873
8.772   0.782226044414
8.776   0.782125812429
8.78   0.782029149886
8.784   0.78193666128
8.788   0.781849080798
8.792   0.781767312926
8.796   0.781692482065
8.8   0.781625994566
8.804   0.781569634586
8.808   0.781525688147
8.812   0.781497142754
8.816   0.78148806746
8.82   0.781504568097
8.824   0.781557718399
8.828   0.781672757087
8.832   0.78191564837
8.836   0.782459993481
8.84   0.783728315212
8.844   0.786629006883
8.848   0.792832282425
8.852   0.804863580743
8.856   0.825624707762
8.86   0.857021200122
8.864   0.897912078927
8.868   0.94244864457
8.872   0.980337664784
8.876   1.0
8.88   0.994146137389
8.884   0.964672695059
8.888   0.921601239662
8.892   0.876882133952
8.896   0.839270641586
8.9   0.812473103994
8.904   0.795931794883
8.908   0.786918441896
8.912   0.782466068865
8.916   0.780370271334
8.92   0.779341458656
8.924   0.778752758847
8.928   0.778341979693
8.932   0.778010741034
8.936   0.777723276264
8.94   0.777465146336
8.944   0.777228966508
8.948   0.777010003462
8.952   0.776804837751
8.956   0.776610872083
8.96   0.776426092233
8.964   0.776248917043
8.968   0.77607809129
8.972   0.775912605603
8.976   0.775751644594
8.98   0.775594543997
8.984   0.775440757962
8.988   0.775289830866
8.992   0.775141387154
8.996   0.774995111047
9.0   0.774850733005
9.004   0.774708027468
9.008   0.774566801587
9.012   0.774426889577
9.016   0.774288148209
9.02   0.774150455682
9.024   0.774013703728
9.028   0.773877800998
9.032   0.773742664034
9.036   0.773608222914
9.04   0.773474413354
9.044   0.773341181221
9.048   0.773208475763
9.052   0.773076254126
9.056   0.772944477965
9.06   0.772813112317
9.064   0.772682124478
9.068   0.772551488508
9.072   0.772421178469
9.076   0.772291170676
9.08   0.772161447085
9.084   0.772031987396
9.088   0.771902774692
9.092   0.771773794312
9.096   0.771645032723
9.1   0.77151647639
9.104   0.771388356511
9.108   0.771261887711
9.112   0.771141349937
9.116   0.771018841922
9.12   0.77089126338
9.124   0.770763834833
9.128   0.770636550644
9.132   0.770509402916
9.136   0.770382386012
9.14   0.770255495419
9.144   0.7701287255
9.148   0.770002071743
9.152   0.769875529637
9.156   0.76974909467
9.16   0.769622764587
9.164   0.76949653375
9.168   0.769370401029
9.172   0.769244363043
9.176   0.76911841528
9.18   0.768992556612
9.184   0.768866784783
9.188   0.768741096411
9.192   0.768615489239
9.196   0.76848996214
9.2   0.768364512858
9.204   0.768239140266
9.208   0.76811384098
9.212   0.767988615
9.216   0.767863461198
9.22   0.767738376191
9.224   0.767613359979
9.228   0.767488411434
9.232   0.767363528301
9.236   0.76723871058
9.24   0.767113957142
9.244   0.766989265732
9.248   0.766864637479
9.252   0.766740070126
9.256   0.766615563673
9.26   0.766491115865
9.264   0.76636672783
9.268   0.766242397312
9.272   0.766118124311
9.276   0.7659939077
9.28   0.765869747477
9.284   0.765745643644
9.288   0.765621593945
9.292   0.765497599507
9.296   0.765373659203
9.3   0.765249773033
9.304   0.765125938741
9.308   0.765002158583
9.312   0.764878430302
9.316   0.7647547539
9.32   0.764631129376
9.324   0.764507555603
9.328   0.764384033707
9.332   0.764260561434
9.336   0.764137139912
9.34   0.76401376914
9.344   0.76389044799
9.348   0.763767176464
9.352   0.763643954559
9.356   0.76352078115
9.36   0.763397657363
9.364   0.763274580943
9.368   0.763151554146
9.372   0.763028575843
9.376   0.762905646035
9.38   0.762782763595
9.384   0.762659929649
9.388   0.76253714307
9.392   0.762414404986
9.396   0.762291713141
