57.52   0.0336134453782
57.54   0.0273109243697
57.56   0.0388655462185
57.58   0.0241596638655
57.6   0.0304621848739
57.62   0.031512605042
57.64   0.0283613445378
57.66   0.0367647058824
57.68   0.0420168067227
57.7   0.031512605042
57.72   0.0273109243697
57.74   0.0357142857143
57.76   0.0504201680672
57.78   0.0367647058824
57.8   0.0451680672269
57.82   0.031512605042
57.84   0.0273109243697
57.86   0.0388655462185
57.88   0.0493697478992
57.9   0.0388655462185
57.92   0.0420168067227
57.94   0.0493697478992
57.96   0.0367647058824
57.98   0.0525210084034
58.0   0.0367647058824
58.02   0.0273109243697
58.04   0.046218487395
58.06   0.0514705882353
58.08   0.0399159663866
58.1   0.0535714285714
58.12   0.0546218487395
58.14   0.0514705882353
58.16   0.063025210084
58.18   0.0598739495798
58.2   0.0693277310924
58.22   0.0850840336134
58.24   0.0892857142857
58.26   0.0829831932773
58.28   0.0861344537815
58.3   0.100840336134
58.32   0.110294117647
58.34   0.138655462185
58.36   0.175420168067
58.38   0.218487394958
58.4   0.24474789916
58.42   0.31512605042
58.44   0.439075630252
58.46   0.535714285714
58.48   0.728991596639
58.5   0.772058823529
58.52   0.961134453782
58.54   1.0
58.56   0.968487394958
58.58   0.835084033613
58.6   0.757352941176
58.62   0.663865546218
58.64   0.563025210084
58.66   0.513655462185
58.68   0.391806722689
58.7   0.353991596639
58.72   0.324579831933
58.74   0.273109243697
58.76   0.233193277311
58.78   0.199579831933
58.8   0.218487394958
58.82   0.15756302521
58.84   0.151260504202
58.86   0.182773109244
58.88   0.137605042017
58.9   0.138655462185
58.92   0.125
58.94   0.135504201681
58.96   0.138655462185
58.98   0.122899159664
59.0   0.113445378151
59.02   0.0808823529412
59.04   0.0987394957983
59.06   0.0714285714286
59.08   0.0840336134454
59.1   0.0651260504202
59.12   0.0441176470588
59.14   0.0598739495798
59.16   0.0420168067227
59.18   0.0514705882353
59.2   0.0430672268908
59.22   0.0682773109244
59.24   0.0483193277311
59.26   0.0514705882353
59.28   0.0661764705882
59.3   0.0546218487395
59.32   0.0682773109244
59.34   0.0441176470588
59.36   0.0399159663866
59.38   0.0325630252101
59.4   0.0378151260504
59.42   0.0357142857143
59.44   0.0367647058824
59.46   0.0399159663866
59.48   0.0147058823529
