   0   0   6     4.07007    21.81912
   0   0   8     3.05255    29.23273
   0   0  10     2.44204    36.77381
   0   0  12     2.03503    44.48390
   0   0  14     1.74431    52.41266
   0   0  16     1.52628    60.62174
   0   0  18     1.35669    69.19083
   0   0  20     1.22102    78.22784
   0   0  22     1.11002    87.88733
   1   0   5     4.43927    19.98499
   1   0   7     3.31519    26.87138
   1   0   9     2.62933    34.07089
   1   0  11     2.17329    41.51803
   1   0  13     1.84992    49.21446
   1   0  15     1.60932    57.19426
   1   0  17     1.42360    65.51621
   1   0  19     1.27602    74.26673
   1   0  21     1.15600    83.57149
   1   1   4     4.74188    18.69778
   1   1   6     3.58034    24.84828
   1   1   8     2.82886    31.60238
   1   1  10     2.32289    38.73329
   1   1  12     1.96453    46.17093
   1   1  14     1.69930    53.91166
   1   1  16     1.49584    61.98940
   1   1  18     1.33518    70.46890
   1   1  20     1.20527    79.45065
   1   1  22     1.09815    89.08743
   2   0   0     5.32341    16.63983
   2   0   2     4.87980    18.16477
   2   0   4     4.01231    22.13714
   2   0   6     3.23332    27.56511
   2   0   8     2.64808    33.82239
   2   0  10     2.21963    40.61254
   2   0  12     1.90087    47.81156
   2   0  14     1.65760    55.38260
   2   0  16     1.46716    63.33990
   2   0  18     1.31467    71.73694
   2   0  20     1.19012    80.66863
   2   0  22     1.08665    90.28714
   2   1   1     4.67340    18.97427
   2   1   3     4.10994    21.60488
   2   1   5     3.40937    26.11584
   2   1   7     2.81411    31.77232
   2   1   9     2.35745    38.14327
   2   1  11     2.01208    45.01911
   2   1  13     1.74742    52.31258
   2   1  15     1.54047    60.00555
   2   1  17     1.37527    68.12645
   2   1  19     1.24087    76.74513
   2   1  21     1.12967    85.98100
   2   2   0     3.76422    23.61649
   2   2   2     3.59716    24.73022
   2   2   4     3.20413    27.82121
   2   2   6     2.76351    32.36990
   2   2   8     2.37094    37.91803
   2   2  10     2.04868    44.17189
   2   2  12     1.79017    50.97239
   2   2  14     1.58265    58.24976
   2   2  16     1.41443    65.99474
   2   2  18     1.27632    74.24622
   2   2  20     1.16144    83.09243
   3   0   1     3.51205    25.33940
   3   0   3     3.25320    27.39334
   3   0   5     2.87103    31.12633
   3   0   7     2.48788    36.07266
   3   0   9     2.15554    41.87589
   3   0  11     1.88212    48.31809
   3   0  13     1.66026    55.28623
   3   0  15     1.47976    62.73930
   3   0  17     1.33155    70.68975
   3   0  19     1.20847    79.19851
   3   0  21     1.10506    88.38342
   3   1   0     3.36682    26.45181
   3   1   2     3.24569    27.45794
   3   1   4     2.94822    30.29153
   3   1   6     2.59425    34.54600
   3   1   8     2.26144    39.82961
   3   1  10     1.97680    45.86795
   3   1  12     1.74161    52.50034
   3   1  14     1.54879    59.65010
   3   1  16     1.39011    67.30147
   3   1  18     1.25837    75.48900
   3   1  20     1.14787    84.29942
   3   2   1     2.93154    30.46804
   3   2   3     2.77589    32.22156
   3   2   5     2.52695    35.49626
   3   2   7     2.25389    39.96878
   3   2   9     1.99797    45.35466
   3   2  11     1.77448    51.45579
   3   2  13     1.58496    58.15651
   3   2  15     1.42570    65.40738
   3   2  17     1.29175    73.21346
   3   2  19     1.17849    81.63199
   3   3   0     2.50948    35.75169
   3   3   2     2.45810    36.52503
   3   3   4     2.32105    38.76527
   3   3   6     2.13609    42.27552
   3   3   8     1.93851    46.82727
   3   3  10     1.75014    52.22502
   3   3  12     1.58063    58.33148
   3   3  14     1.43229    65.06898
   3   3  16     1.30403    72.41443
   3   3  18     1.19345    80.39741
   3   3  20     1.09795    89.10746
   4   0   0     2.66170    33.64411
   4   0   2     2.60063    34.45861
   4   0   4     2.43990    36.80723
   4   0   6     2.22764    40.46021
   4   0   8     2.00616    45.15929
   4   0  10     1.79944    50.69118
   4   0  12     1.61666    56.91092
   4   0  14     1.45894    63.73874
   4   0  16     1.32404    71.15143
   4   0  18     1.20873    79.17841
   4   0  20     1.10982    87.90736
   4   1   1     2.56792    34.91161
   4   1   3     2.46136    36.47500
   4   1   5     2.28281    39.44118
   4   1   7     2.07552    43.57121
   4   1   9     1.87056    48.63603
   4   1  11     1.68342    54.46205
   4   1  13     1.51906    60.94005
   4   1  15     1.37717    68.01973
   4   1  17     1.25533    75.70404
   4   1  19     1.15063    84.05036
   4   2   0     2.38070    37.75664
   4   2   2     2.33670    38.49533
   4   2   4     2.21803    40.64328
   4   2   6     2.05497    44.02963
   4   2   8     1.87727    48.45088
   4   2  10     1.70468    53.72768
   4   2  12     1.54690    59.73063
   4   2  14     1.40706    66.38502
   4   2  16     1.28489    73.66866
   4   2  18     1.17873    81.61204
   4   2  20     1.08646    90.30716
   4   3   1     2.12131    42.58423
   4   3   3     2.06005    43.91548
   4   3   5     1.95192    46.48657
   4   3   7     1.81754    50.15105
   4   3   9     1.67513    54.75405
   4   3  11     1.53674    60.16596
   4   3  13     1.40868    66.29849
   4   3  15     1.29333    73.11002
   4   3  17     1.19085    80.60859
   4   3  19     1.10037    88.85964
   4   4   0     1.88211    48.31846
   4   4   2     1.86014    48.92624
   4   4   4     1.79858    50.71704
   4   4   6     1.70830    53.60479
   4   4   8     1.60207    57.47734
   4   4  10     1.49074    62.22537
   4   4  12     1.38176    67.76309
   4   4  14     1.27936    74.04038
   4   4  16     1.18547    81.05055
   4   4  18     1.10056    88.83989
   5   0   1     2.12131    42.58423
   5   0   3     2.06005    43.91548
   5   0   5     1.95192    46.48657
   5   0   7     1.81754    50.15105
   5   0   9     1.67513    54.75405
   5   0  11     1.53674    60.16596
   5   0  13     1.40868    66.29849
   5   0  15     1.29333    73.11002
   5   0  17     1.19085    80.60859
   5   0  19     1.10037    88.85964
   5   1   0     2.08801    43.29737
   5   1   2     2.05814    43.95836
   5   1   4     1.97566    45.89583
   5   1   6     1.85780    48.99187
   5   1   8     1.72340    53.09805
   5   1  10     1.58699    58.07496
   5   1  12     1.45736    63.81624
   5   1  14     1.33866    70.25867
   5   1  16     1.23218    77.38626
   5   1  18     1.13764    85.23548
   5   2   1     1.97062    46.02001
   5   2   3     1.92121    47.27444
   5   2   5     1.83261    49.71063
   5   2   7     1.72005    53.20959
   5   2   9     1.59789    57.64177
   5   2  11     1.47645    62.89560
   5   2  13     1.36181    68.89393
   5   2  15     1.25677    75.60186
   5   2  17     1.16213    83.03276
   5   3   0     1.82591    49.90539
   5   3   2     1.80583    50.49898
   5   3   4     1.74935    52.25035
   5   3   6     1.66595    55.08130
   5   3   8     1.56698    58.88918
   5   3  10     1.46234    63.57303
   5   3  12     1.35905    69.05332
   5   3  14     1.26128    75.28438
   5   3  16     1.17104    82.26308
   5   3  18     1.08899    90.03963
   5   4   1     1.65891    55.33493
   5   4   3     1.62911    56.43665
   5   4   5     1.57404    58.59934
   5   4   7     1.50098    61.75383
   5   4   9     1.41773    65.82140
   5   4  11     1.33086    70.73217
   5   4  13     1.24506    76.43980
   5   4  15     1.16327    82.93301
   5   4  17     1.08702    90.24792
   5   5   0     1.50569    61.53990
   5   5   2     1.49437    62.05740
   5   5   4     1.46188    63.59538
   5   5   6     1.41215    66.11461
   5   5   8     1.35035    69.56223
   5   5  10     1.28165    73.88586
   5   5  12     1.21040    79.04757
   5   5  14     1.13979    85.03676
   6   0   0     1.77447    51.45614
   6   0   2     1.75602    52.03691
   6   0   4     1.70395    53.75251
   6   0   6     1.62660    56.53171
   6   0   8     1.53410    60.28033
   6   0  10     1.43551    64.90511
   6   0  12     1.33744    70.33252
   6   0  14     1.24394    76.52132
   6   0  16     1.15712    83.47212
   6   1   1     1.74585    52.36316
   6   1   3     1.71121    53.50626
   6   1   5     1.64771    55.74370
   6   1   7     1.56446    58.99339
   6   1   9     1.47085    63.16269
   6   1  11     1.37450    68.16959
   6   1  13     1.28058    73.95793
   6   1  15     1.19208    80.50823
   6   1  17     1.11041    87.84808
   6   2   0     1.68341    54.46239
   6   2   2     1.66763    55.02091
   6   2   4     1.62285    56.67427
   6   2   6     1.55560    59.36287
   6   2   8     1.47411    63.00707
   6   2  10     1.38600    67.52735
   6   2  12     1.29713    72.86137
   6   2  14     1.21131    78.97675
   6   2  16     1.13072    85.88202
   6   3   1     1.58379    58.20363
   6   3   3     1.55780    59.27071
   6   3   5     1.50944    61.37054
   6   3   7     1.44466    64.44455
   6   3   9     1.36998    68.42579
   6   3  11     1.29112    73.25527
   6   3  13     1.21235    78.89599
   6   3  15     1.13646    85.34513
   6   4   0     1.47645    62.89591
   6   4   2     1.46577    63.40708
   6   4   4     1.43508    64.92721
   6   4   6     1.38795    67.42017
   6   4   8     1.32914    70.83730
   6   4  10     1.26347    75.13078
   6   4  12     1.19505    80.26707
   6   4  14     1.12694    86.23993
   6   5   1     1.36107    68.93684
   6   5   3     1.34446    69.91113
   6   5   5     1.31300    71.84202
   6   5   7     1.26969    74.69963
   6   5   9     1.21810    78.45129
   6   5  11     1.16167    83.07309
   6   5  13     1.10329    88.56256
   6   6   0     1.25474    75.74564
   6   6   2     1.24817    76.21570
   6   6   4     1.22905    77.62038
   6   6   6     1.19905    79.94526
   6   6   8     1.16052    83.17309
   6   6  10     1.11604    87.29279
   7   0   1     1.51803    60.98584
   7   0   3     1.49510    62.02371
   7   0   5     1.45219    64.07037
   7   0   7     1.39423    67.07610
   7   0   9     1.32675    70.98414
   7   0  11     1.25474    75.74536
   7   0  13     1.18208    81.33168
   7   0  15     1.11141    87.74901
   7   1   0     1.50569    61.53990
   7   1   2     1.49437    62.05740
   7   1   4     1.46188    63.59538
   7   1   6     1.41215    66.11461
   7   1   8     1.35035    69.56223
   7   1  10     1.28165    73.88586
   7   1  12     1.21040    79.04757
   7   1  14     1.13979    85.03676
   7   2   1     1.45984    63.69500
   7   2   3     1.43941    64.70811
   7   2   5     1.40099    66.70966
   7   2   7     1.34874    69.65746
   7   2   9     1.28737    73.50369
   7   2  11     1.22128    78.20822
   7   2  13     1.15397    83.75166
   7   2  15     1.08795    90.14892
   7   3   0     1.39800    66.87154
   7   3   2     1.38892    67.36655
   7   3   4     1.36272    68.84115
   7   3   6     1.32217    71.26716
   7   3   8     1.27104    74.60706
   7   3  10     1.21326    78.82542
   7   3  12     1.15229    83.90131
   7   3  14     1.09087    89.84163
   7   4   1     1.31865    71.48695
   7   4   3     1.30353    72.44621
   7   4   5     1.27480    74.34990
   7   4   7     1.23505    77.17329
   7   4   9     1.18741    80.89033
   7   4  11     1.13496    85.48462
   7   5   0     1.23767    76.98013
   7   5   2     1.23136    77.44779
   7   5   4     1.21299    78.84582
   7   5   6     1.18413    81.16144
   7   5   8     1.14698    84.37989
   7   5  10     1.10398    88.49329
   7   6   1     1.15352    83.79194
   7   6   3     1.14336    84.70869
   7   6   5     1.12382    86.53835
   7   6   7     1.09631    89.27681
   8   0   0     1.33085    70.73246
   8   0   2     1.32302    71.21488
   8   0   4     1.30032    72.65405
   8   0   6     1.26495    75.02833
   8   0   8     1.21995    78.30962
   8   0  10     1.16858    82.47350
   8   0  12     1.11382    87.51103
   8   1   1     1.31865    71.48695
   8   1   3     1.30353    72.44621
   8   1   5     1.27480    74.34990
   8   1   7     1.23505    77.17329
   8   1   9     1.18741    80.89033
   8   1  11     1.13496    85.48462
   8   2   0     1.29112    73.25556
   8   2   2     1.28396    73.73123
   8   2   4     1.26318    75.15149
   8   2   6     1.23068    77.49850
   8   2   8     1.18912    80.74976
   8   2  10     1.14141    84.88768
   8   2  12     1.09021    89.91115
   8   3   1     1.24450    76.48098
   8   3   3     1.23177    77.41730
   8   3   5     1.20744    79.28002
   8   3   7     1.17350    82.05338
   8   3   9     1.13241    85.72336
   8   3  11     1.08664    90.28795
   8   4   0     1.19035    80.64944
   8   4   2     1.18473    81.11135
   8   4   4     1.16835    82.49369
   8   4   6     1.14249    84.78827
   8   4   8     1.10901    87.98749
   8   5   1     1.12736    86.20063
   8   5   3     1.11787    87.11432
   8   5   5     1.09959    88.93973
   9   0   1     1.18159    81.37217
   9   0   3     1.17068    82.29365
   9   0   5     1.14973    84.13086
   9   0   7     1.12032    86.87595
   9   1   0     1.17574    81.86324
   9   1   2     1.17033    82.32368
   9   1   4     1.15453    83.70214
   9   1   6     1.12956    85.99186
   9   1   8     1.09717    89.18754
   9   2   1     1.15352    83.79194
   9   2   3     1.14336    84.70869
   9   2   5     1.12382    86.53835
   9   2   7     1.09631    89.27681
   9   3   0     1.12227    86.68738
   9   3   2     1.11756    87.14411
   9   3   4     1.10378    88.51331
