   0   0   2     1.95017    46.53072
   0   2   0     3.83187    23.19370
   0   2   1     2.73343    32.73612
   0   2   2     1.73803    52.61670
   0   2   3     1.23118    77.46118
   0   4   0     1.91593    47.41255
   0   4   1     1.71966    53.22272
   0   4   2     1.36671    68.61210
   0   6   0     1.27729    74.18048
   0   6   1     1.21386    78.77868
   1   0   1     3.21254    27.74693
   1   0   3     1.26717    74.87394
   1   1   0     4.55550    19.47004
   1   1   1     2.96276    30.13929
   1   1   2     1.79280    50.89220
   1   1   3     1.25020    76.06988
   1   2   0     3.17396    28.09111
   1   2   1     2.46183    36.46777
   1   2   2     1.66159    55.23824
   1   2   3     1.20309    79.62311
   1   3   0     2.32875    38.63188
   1   3   1     1.99947    45.31854
   1   3   2     1.49514    62.02159
   1   3   3     1.13518    85.46341
   1   4   0     1.81494    50.22787
   1   4   1     1.64551    55.82467
   1   4   2     1.32860    70.87068
   1   5   0     1.47955    62.74910
   1   5   1     1.38336    67.67379
   1   5   2     1.17871    81.61330
   1   6   0     1.24601    76.37128
   1   6   1     1.18692    80.93119
   2   0   0     2.83248    31.56083
   2   0   2     1.60627    57.31292
   2   1   0     2.65683    33.70769
   2   1   1     2.19580    41.07318
   2   1   2     1.57211    58.67813
   2   1   3     1.16779    82.54185
   2   2   0     2.27775    39.53250
   2   2   1     1.96691    46.11167
   2   2   2     1.48138    62.66262
   2   2   3     1.12913    86.03276
   2   3   0     1.89702    47.91464
   2   3   1     1.70595    53.68470
   2   3   2     1.35980    69.01016
   2   4   0     1.58698    58.07561
   2   4   1     1.46996    63.20556
   2   4   2     1.23091    77.48089
   2   5   0     1.34803    69.69903
   2   5   1     1.27408    74.39862
   2   5   2     1.10890    87.99899
   2   6   0     1.16438    82.83698
   2   6   1     1.11572    87.32421
   3   0   1     1.69961    53.90098
   3   1   0     1.83349    49.68527
   3   1   1     1.65930    55.32107
   3   1   2     1.33582    70.43042
   3   2   0     1.69382    54.10018
   3   2   1     1.55364    59.44527
   3   2   2     1.27881    74.07759
   3   3   0     1.51850    60.96504
   3   3   1     1.41504    65.96250
   3   3   2     1.19812    80.01975
   3   4   0     1.34490    69.88498
   3   4   1     1.27144    74.57973
   3   4   2     1.10715    88.17360
   3   5   0     1.19005    80.67364
   3   5   1     1.13825    85.17865
   4   0   0     1.41624    65.89941
   4   0   2     1.14594    84.47355
   4   1   0     1.39266    67.16153
   4   1   1     1.31156    71.93319
   4   1   2     1.13334    85.63557
   4   2   0     1.32841    70.88177
   4   2   1     1.25748    75.55149
   4   2   2     1.09790    89.11280
   4   3   0     1.23863    76.90938
   4   3   1     1.18053    81.46097
   4   4   0     1.13888    85.12084
   4   4   1     1.09322    89.59630
   5   0   1     1.08802    90.14196
   5   1   0     1.12081    86.82846
   5   2   0     1.08650    90.30311
