16.5001	396.42531
16.5251	404.57537
16.5501	414.36483
16.5751	424.93902
16.6001	434.65481
16.6251	441.04756
16.6501	441.56093
16.6751	435.28501
16.7001	423.85887
16.7251	410.24233
16.7501	397.08651
16.7751	385.89602
16.8001	377.08749
16.8251	370.4181
16.8501	365.45106
16.8751	361.71197
16.9001	358.80673
16.9251	356.449
16.9501	354.44877
16.9751	352.68694
17.0001	351.09048
17.0251	349.6141
17.0501	348.22859
17.0751	346.91411
17.1001	345.6565
17.1251	344.44526
17.1501	343.27236
17.1751	342.13157
17.2001	341.01796
17.2251	339.92763
17.2501	338.85745
17.2751	337.8049
17.3001	336.76798
17.3251	335.74578
17.3501	334.73447
17.3751	333.73423
17.4001	332.7441
17.4251	331.76325
17.4501	330.79108
17.4751	329.82708
17.5001	328.87091
17.5251	327.92288
17.5501	326.98139
17.5751	326.04553
17.6001	325.1162
17.6251	324.19333
17.6501	323.2769
17.6751	322.36702
17.7001	321.46386
17.7251	320.56775
17.7501	319.67915
17.7751	318.7988
17.8001	317.92776
17.8251	317.0677
17.8501	316.2212
17.8751	315.39241
17.9001	314.58783
17.9251	313.81743
17.9501	313.09569
17.9751	312.44198
18.0001	311.87906
18.0251	311.42791
18.0501	311.09865
18.0751	310.87875
18.1001	310.72029
18.1251	310.52766
18.1501	310.15609
18.1751	309.45418
18.2001	308.36316
18.2251	306.96832
18.2501	305.43377
18.2751	303.91069
18.3001	302.49406
18.3251	301.22193
18.3501	300.08905
18.3751	299.07486
18.4001	298.17058
18.4251	297.30858
18.4501	296.49717
18.4751	295.73348
18.5001	295.01758
18.5251	294.35501
18.5501	293.74825
18.5751	293.2085
18.6001	292.74144
18.6251	292.3479
18.6501	292.02226
18.6751	291.75436
18.7001	291.54089
18.7251	291.41681
18.7501	291.49337
18.7751	291.92351
18.8001	292.92507
18.8251	294.70917
18.8501	297.41146
18.8751	301.02443
18.9001	305.29809
18.9251	309.64879
18.9501	313.09409
18.9751	314.43266
19.0001	312.85996
19.0251	308.58267
19.0501	302.67644
19.0751	296.36436
19.1001	290.56974
19.1251	285.73
19.1501	281.89902
19.1751	278.93482
19.2001	276.6346
19.2251	274.80598
19.2501	273.29584
19.2751	271.99566
19.3001	270.83425
19.3251	269.76706
19.3501	268.76659
19.3751	267.81554
19.4001	266.90262
19.4251	266.02
19.4501	265.16206
19.4751	264.32458
19.5001	263.5043
19.5251	262.69868
19.5501	261.90571
19.5751	261.12379
19.6001	260.35161
19.6251	259.58811
19.6501	258.83247
19.6751	258.0841
19.7001	257.34253
19.7251	256.6076
19.7501	255.87993
19.7751	255.15621
19.8001	254.43846
19.8251	253.72688
19.8501	253.02165
19.8751	252.32281
19.9001	251.62994
19.9251	250.94194
19.9501	250.25674
19.9751	249.57139
20.0001	248.88299
20.0251	248.19059
20.0501	247.49582
20.0751	246.80149
20.1001	246.11031
20.1251	245.42406
20.1501	244.74339
20.1751	244.0682
20.2001	243.39804
20.2251	242.73241
20.2501	242.07084
20.2751	241.41301
20.3001	240.75868
20.3251	240.1077
20.3501	239.46001
20.3751	238.81556
20.4001	238.17457
20.4251	237.53726
20.4501	236.90409
20.4751	236.27827
20.5001	235.65105
20.5251	235.02645
20.5501	234.40531
20.5751	233.78772
20.6001	233.17377
20.6251	232.56357
20.6501	231.95724
20.6751	231.35491
20.7001	230.75675
20.7251	230.16293
20.7501	229.57365
20.7751	228.98916
20.8001	228.40972
20.8251	227.83563
20.8501	227.26726
20.8751	226.70501
20.9001	226.14983
20.9251	225.60285
20.9501	225.06574
20.9751	224.54646
21.0001	224.02758
21.0251	223.51696
21.0501	223.01954
21.0751	222.53296
21.1001	222.06197
21.1251	221.60932
21.1501	221.17951
21.1751	220.77024
21.2001	220.38981
21.2251	220.04448
21.2501	219.74291
21.2751	219.49761
21.3001	219.32754
21.3251	219.26227
21.3501	219.34802
21.3751	219.65548
21.4001	220.28735
21.4251	221.37958
21.4501	223.09403
21.4751	225.58237
21.5001	228.92373
21.5251	233.03059
21.5501	237.56474
21.5751	241.88107
21.6001	245.09757
21.6251	246.5274
21.6501	246.26296
21.6751	245.14842
21.7001	244.23492
21.7251	244.3788
21.7501	245.88634
21.7751	248.34008
21.8001	250.66082
21.8251	251.46475
21.8501	249.84915
21.8751	246.01746
21.9001	240.97583
21.9251	235.9693
21.9501	232.13979
21.9751	230.27533
22.0001	230.77293
22.0251	233.6996
22.0501	238.77399
22.0751	245.26198
22.1001	251.85349
22.1251	256.68289
22.1501	257.8853
22.1751	254.71974
22.2001	247.98795
22.2251	239.24775
22.2501	230.11388
22.2751	221.82508
22.3001	214.983
22.3251	209.65786
22.3501	205.6464
22.3751	202.65414
22.4001	200.39736
22.4251	198.6464
22.4501	197.23477
22.4751	196.05066
22.5001	195.02262
22.5251	194.10582
22.5501	193.27187
22.5751	192.50216
22.6001	191.78391
22.6251	191.10791
22.6501	190.46729
22.6751	189.85686
22.7001	189.27302
22.7251	188.71316
22.7501	188.17917
22.7751	187.6574
22.8001	187.15035
22.8251	186.65844
22.8501	186.18128
22.8751	185.7181
22.9001	185.27685
22.9251	184.85481
22.9501	184.43051
22.9751	184.01908
23.0001	183.6208
23.0251	183.23614
23.0501	182.86583
23.0751	182.51083
23.1001	182.17243
23.1251	181.85231
23.1501	181.55261
23.1751	181.27614
23.2001	181.02653
23.2251	180.80868
23.2501	180.62933
23.2751	180.49833
23.3001	180.43059
23.3251	180.44991
23.3501	180.59313
23.3751	180.91917
23.4001	181.5179
23.4251	182.51517
23.4501	184.06983
23.4751	186.35394
23.5001	189.48333
23.5251	193.45977
23.5501	198.03643
23.5751	202.6204
23.6001	206.25294
23.6251	207.87491
23.6501	206.95962
23.6751	203.85474
23.7001	199.38047
23.7251	194.43271
23.7501	189.7847
23.7751	185.89542
23.8001	182.88331
23.8251	180.68134
23.8501	179.13983
23.8751	178.0991
23.9001	177.42349
23.9251	177.0123
23.9501	176.79928
23.9751	176.73734
24.0001	176.80686
24.0251	176.99735
24.0501	177.30651
24.0751	177.73783
24.1001	178.29939
24.1251	179.00345
24.1501	179.86662
24.1751	180.91038
24.2001	182.16199
24.2251	183.65583
24.2501	185.43525
24.2751	187.55529
24.3001	190.08662
24.3251	193.12182
24.3501	196.7858
24.3751	201.25427
24.4001	206.78684
24.4251	213.78513
24.4501	222.88898
24.4751	235.12049
24.5001	252.06754
24.5251	276.0639
24.5501	310.25964
24.5751	358.41144
24.6001	424.16516
24.6251	509.61489
24.6501	613.08765
24.6751	726.57003
24.7001	833.76741
24.7251	911.74978
24.7501	940.6628
24.7751	916.90388
24.8001	852.30862
24.8251	763.08401
24.8501	664.97645
24.8751	570.71676
24.9001	487.93813
24.9251	419.54964
24.9501	365.4545
24.9751	324.3256
25.0001	294.38781
25.0251	273.69281
25.0501	260.49701
25.0751	253.5832
25.1001	252.45989
25.1251	257.41605
25.1501	269.54655
25.1751	290.59441
25.2001	322.58019
25.2251	366.9787
25.2501	423.53363
25.2751	488.5816
25.3001	553.56015
25.3251	604.91584
25.3501	628.24474
25.3751	616.99769
25.4001	576.17308
25.4251	516.30143
25.4501	448.73909
25.4751	383.85646
25.5001	328.34041
25.5251	284.44994
25.5501	251.51916
25.5751	227.60405
25.6001	210.49917
25.6251	198.24443
25.6501	189.31476
25.6751	182.627
25.7001	177.46361
25.7251	173.36865
25.7501	170.05918
25.7751	167.36313
25.8001	165.17181
25.8251	163.42941
25.8501	162.12737
25.8751	161.30047
25.9001	161.03649
25.9251	161.4821
25.9501	162.8366
25.9751	165.32154
26.0001	169.11184
26.0251	174.21658
26.0501	180.31535
26.0751	186.59544
26.1001	191.71419
26.1251	194.16268
26.1501	193.13524
26.1751	189.0169
26.2001	182.82416
26.2251	175.67594
26.2501	168.65058
26.2751	162.51974
26.3001	157.60312
26.3251	153.88706
26.3501	151.19806
26.3751	149.32041
26.4001	148.05701
26.4251	147.2664
26.4501	146.79733
26.4751	146.60486
26.5001	146.66256
26.5251	146.97195
26.5501	147.56424
26.5751	148.50721
26.6001	149.92153
26.6251	152.00742
26.6501	155.07684
26.6751	159.57908
26.7001	166.07781
26.7251	175.25017
26.7501	187.68785
26.7751	203.62883
26.8001	222.53758
26.8251	242.62898
26.8501	260.60973
26.8751	272.2955
26.9001	274.72731
26.9251	268.13101
26.9501	255.00493
26.9751	238.32341
27.0001	221.11456
27.0251	205.90366
27.0501	194.10894
27.0751	186.12945
27.1001	181.83987
27.1251	181.03134
27.1501	183.70162
27.1751	190.24881
27.2001	201.54618
27.2251	218.97836
27.2501	244.23365
27.2751	278.87337
27.3001	323.56363
27.3251	376.95002
27.3501	434.40142
27.3751	487.43985
27.4001	525.69317
27.4251	542.20326
27.4501	536.98692
27.4751	514.30007
27.5001	479.94575
27.5251	440.53897
27.5501	400.88329
27.5751	362.72969
27.6001	326.57491
27.6251	293.18667
27.6501	263.28915
27.6751	237.30254
27.7001	215.67675
27.7251	198.66309
27.7501	185.96203
27.7751	176.7856
27.8001	170.0715
27.8251	164.7136
27.8501	159.86701
27.8751	155.15035
27.9001	150.51282
27.9251	146.03304
27.9501	141.86584
27.9751	138.17158
28.0001	135.02537
28.0251	132.41099
28.0501	130.25779
28.0751	128.47949
28.1001	126.99344
28.1251	125.72992
28.1501	124.63476
28.1751	123.66811
28.2001	122.80138
28.2251	122.01504
28.2501	121.29586
28.2751	120.63243
28.3001	120.01678
28.3251	119.44259
28.3501	118.90474
28.3751	118.39901
28.4001	117.92184
28.4251	117.47021
28.4501	117.04148
28.4751	116.63341
28.5001	116.24422
28.5251	115.87242
28.5501	115.51866
28.5751	115.17742
28.6001	114.84967
28.6251	114.53448
28.6501	114.23188
28.6751	113.94403
28.7001	113.68431
28.7251	113.41629
28.7501	113.15779
28.7751	112.92028
28.8001	112.68895
28.8251	112.45319
28.8501	112.22605
28.8751	112.00855
28.9001	111.80314
28.9251	111.61149
28.9501	111.42178
28.9751	111.24527
29.0001	111.08656
29.0251	110.96028
29.0501	110.84354
29.0751	110.75949
29.1001	110.71574
29.1251	110.71748
29.1501	110.76374
29.1751	110.84202
29.2001	110.92342
29.2251	110.96377
29.2501	110.92065
29.2751	110.77102
29.3001	110.53735
29.3251	110.25051
29.3501	109.93962
29.3751	109.63277
29.4001	109.35787
29.4251	109.12765
29.4501	108.94464
29.4751	108.80698
29.5001	108.70591
29.5251	108.63377
29.5501	108.58941
29.5751	108.57025
29.6001	108.57519
29.6251	108.60442
29.6501	108.65919
29.6751	108.74216
29.7001	108.85732
29.7251	109.01098
29.7501	109.19951
29.7751	109.43525
29.8001	109.72027
29.8251	110.06727
29.8501	110.48794
29.8751	110.99726
29.9001	111.61496
29.9251	112.36808
29.9501	113.29551
29.9751	114.45619
30.0001	115.94346
30.0251	117.90516
30.0501	120.56865
30.0751	124.25919
30.1001	129.45675
30.1251	136.7535
30.1501	146.75389
30.1751	159.98955
30.2001	176.62457
30.2251	196.07049
30.2501	216.56346
30.2751	235.0515
30.3001	248.1132
30.3251	254.05108
30.3501	253.95508
30.3751	250.07461
30.4001	244.21962
30.4251	237.6253
30.4501	230.60836
30.4751	222.36349
30.5001	212.06813
30.5251	199.9339
30.5501	186.7479
30.5751	173.25802
30.6001	160.33507
30.6251	148.88247
30.6501	139.42456
30.6751	132.02546
30.7001	126.4589
30.7251	122.38806
30.7501	119.47166
30.7751	117.41582
30.8001	115.99385
30.8251	115.04793
30.8501	114.48207
30.8751	114.2532
30.9001	114.36414
30.9251	114.8584
30.9501	115.81517
30.9751	117.32535
31.0001	119.48695
31.0251	122.34921
31.0501	125.85398
31.0751	129.75586
31.1001	133.55903
31.1251	136.55849
31.1501	138.22054
31.1751	138.51808
31.2001	137.82143
31.2251	136.55342
31.2501	135.20688
31.2751	134.2514
31.3001	134.14305
31.3251	135.22566
31.3501	137.77203
31.3751	142.15191
31.4001	148.86802
31.4251	158.62068
31.4501	172.28209
31.4751	190.78765
31.5001	214.91782
31.5251	244.93969
31.5501	280.10431
31.5751	318.21251
31.6001	355.9623
31.6251	390.92469
31.6501	423.86748
31.6751	457.75495
31.7001	494.09341
31.7251	530.80079
31.7501	561.75074
31.7751	577.76185
31.8001	571.65912
31.8251	543.77651
31.8501	499.83298
31.8751	445.73057
31.9001	387.27417
31.9251	330.91412
31.9501	281.73271
31.9751	241.98991
32.0001	211.67782
32.0251	189.64087
32.0501	174.37464
32.0751	164.45997
32.1001	158.76084
32.1251	156.47597
32.1501	157.09272
32.1751	160.278
32.2001	165.76397
32.2251	173.33181
32.2501	182.93316
32.2751	194.66981
32.3001	208.27094
32.3251	222.40331
32.3501	234.44782
32.3751	241.17289
32.4001	240.50685
32.4251	232.89057
32.4501	220.2215
32.4751	204.29829
32.5001	186.91076
32.5251	170.0432
32.5501	155.23524
32.5751	143.15222
32.6001	133.77132
32.6251	126.74584
32.6501	121.60097
32.6751	117.87521
32.7001	115.17783
32.7251	113.20699
32.7501	111.74791
32.7751	110.6558
32.8001	109.83536
32.8251	109.22682
32.8501	108.79183
32.8751	108.50585
32.9001	108.35325
32.9251	108.32483
32.9501	108.41382
32.9751	108.61805
33.0001	108.93914
33.0251	109.38133
33.0501	109.9526
33.0751	110.66267
33.1001	111.52105
33.1251	112.54839
33.1501	113.76745
33.1751	115.20726
33.2001	116.9042
33.2251	118.90583
33.2501	121.27536
33.2751	124.09722
33.3001	127.4981
33.3251	131.71113
33.3501	137.01956
33.3751	143.90883
33.4001	153.12572
33.4251	165.76397
33.4501	183.31289
33.4751	207.60619
33.5001	240.58444
33.5251	283.86605
33.5501	337.99361
33.5751	401.33507
33.6001	468.72535
33.6251	530.90159
33.6501	577.07178
33.6751	601.32705
33.7001	606.51196
33.7251	599.52982
33.7501	585.5372
33.7751	567.78057
33.8001	548.08384
33.8251	525.69376
33.8501	498.93886
33.8751	468.77017
33.9001	438.45219
33.9251	410.87528
33.9501	388.48476
33.9751	373.92072
34.0001	368.80131
34.0251	371.82062
34.0501	378.2003
34.0751	381.12268
34.1001	375.20372
34.1251	359.52786
34.1501	336.37481
34.1751	308.16207
34.2001	277.19159
34.2251	246.47621
34.2501	218.96438
34.2751	196.4157
34.3001	179.33294
34.3251	167.44788
34.3501	160.13286
34.3751	156.60284
34.4001	155.95417
34.4251	157.11525
34.4501	158.85554
34.4751	160.03953
34.5001	160.01977
34.5251	158.6225
34.5501	155.75455
34.5751	151.4108
34.6001	145.99534
34.6251	140.18185
34.6501	134.50813
34.6751	129.29853
34.7001	124.78229
34.7251	121.10494
34.7501	118.29463
34.7751	116.28755
34.8001	114.97108
34.8251	114.22479
34.8501	113.93355
34.8751	113.98977
34.9001	114.29442
34.9251	114.76977
34.9501	115.38214
34.9751	116.14523
35.0001	117.09488
35.0251	118.27303
35.0501	119.73475
35.0751	121.55283
35.1001	123.81385
35.1251	126.62211
35.1501	130.11904
35.1751	134.5173
35.2001	140.15283
35.2251	147.55885
35.2501	157.55876
35.2751	171.35677
35.3001	190.58466
35.3251	217.23744
35.3501	253.42527
35.3751	300.88481
35.4001	360.18834
35.4251	429.55574
35.4501	503.3308
35.4751	571.08906
35.5001	619.96339
35.5251	641.67412
35.5501	638.16097
35.5751	617.72908
35.6001	588.05728
35.6251	555.67748
35.6501	527.87554
35.6751	510.63671
35.7001	505.11865
35.7251	506.54484
35.7501	506.17207
35.7751	496.22182
35.8001	474.62216
35.8251	444.05027
35.8501	407.56994
35.8751	367.74666
35.9001	328.21757
35.9251	293.20659
35.9501	265.6794
35.9751	246.65989
36.0001	235.57759
36.0251	230.67102
36.0501	229.231
36.0751	228.11884
36.1001	224.96691
36.1251	219.12934
36.1501	211.27415
36.1751	202.20714
36.2001	192.67356
36.2251	183.78796
36.2501	176.92577
36.2751	173.29864
36.3001	173.80912
36.3251	179.13747
36.3501	189.79115
36.3751	205.99446
36.4001	227.40472
36.4251	252.66075
36.4501	278.95367
36.4751	302.2016
36.5001	318.44521
36.5251	325.66758
36.5501	324.25018
36.5751	316.24718
36.6001	304.65831
36.6251	292.91185
36.6501	284.47116
36.6751	282.41504
36.7001	288.79335
36.7251	303.86124
36.7501	325.50459
36.7751	348.91293
36.8001	367.26377
36.8251	374.4585
36.8501	368.60871
36.8751	352.07589
36.9001	328.02267
36.9251	298.73702
36.9501	266.78323
36.9751	235.43335
37.0001	207.4352
37.0251	184.16429
37.0501	165.78827
37.0751	151.80912
37.1001	141.46044
37.1251	133.9408
37.1501	128.53311
37.1751	124.65724
37.2001	121.88158
37.2251	119.90558
37.2501	118.52593
37.2751	117.61483
37.3001	117.09449
37.3251	116.92068
37.3501	117.07244
37.3751	117.54689
37.4001	118.35812
37.4251	119.54032
37.4501	121.14814
37.4751	123.27644
37.5001	126.06793
37.5251	129.73237
37.5501	134.56367
37.5751	140.95193
37.6001	149.3858
37.6251	160.44233
37.6501	174.7601
37.6751	192.97869
37.7001	215.61407
37.7251	242.8922
37.7501	274.75961
37.7751	311.37878
37.8001	353.70332
37.8251	402.82506
37.8501	457.97802
37.8751	514.78561
37.9001	564.9704
37.9251	598.73057
37.9501	610.43683
37.9751	602.69546
38.0001	582.64765
38.0251	555.88258
38.0501	526.02849
38.0751	497.00648
38.1001	472.07731
38.1251	451.14924
38.1501	430.81478
38.1751	407.65903
38.2001	381.19454
38.2251	352.9527
38.2501	324.05577
38.2751	295.14725
38.3001	267.68209
38.3251	243.85772
38.3501	225.46726
38.3751	213.29848
38.4001	207.24076
38.4251	206.42606
38.4501	209.30146
38.4751	213.64044
38.5001	217.01924
38.5251	217.9437
38.5501	216.64078
38.5751	214.43016
38.6001	212.44675
38.6251	211.52306
38.6501	212.50265
38.6751	215.98614
38.7001	221.60924
38.7251	227.69172
38.7501	231.72156
38.7751	231.64158
38.8001	226.97365
38.8251	218.59027
38.8501	207.59219
38.8751	194.82384
38.9001	181.22639
38.9251	167.99884
38.9501	156.22996
38.9751	146.53928
39.0001	139.08894
39.0251	133.7528
39.0501	130.28499
39.0751	128.43042
39.1001	127.99578
39.1251	128.90205
39.1501	131.23885
39.1751	135.29036
39.2001	141.61339
39.2251	151.0379
39.2501	164.6746
39.2751	183.80927
39.3001	209.67993
39.3251	243.1395
39.3501	284.08667
39.3751	330.70277
39.4001	378.49691
39.4251	419.96899
39.4501	446.6683
39.4751	453.94592
39.5001	443.65912
39.5251	420.79633
39.5501	389.04626
39.5751	350.90355
39.6001	309.86467
39.6251	270.31019
39.6501	235.68264
39.6751	207.63792
39.7001	186.41033
39.7251	171.43022
39.7501	161.73918
39.7751	156.19063
39.8001	153.52347
39.8251	152.44582
39.8501	151.88125
39.8751	151.277
39.9001	150.54661
39.9251	149.61163
39.9501	148.1185
39.9751	145.63676
40.0001	142.05994
40.0251	137.73198
40.0501	133.14703
40.0751	128.62309
40.1001	124.28793
40.1251	120.29121
40.1501	116.85656
40.1751	114.19446
40.2001	112.44947
40.2251	111.72753
40.2501	112.14304
40.2751	113.84447
40.3001	117.00859
40.3251	121.80332
40.3501	128.31913
40.3751	136.46343
40.4001	145.80803
40.4251	155.40613
40.4501	163.80847
40.4751	169.56577
40.5001	172.12126
40.5251	172.1405
40.5501	170.50527
40.5751	167.63344
40.6001	163.55066
40.6251	158.31284
40.6501	152.15005
40.6751	145.40644
40.7001	138.57426
40.7251	132.01661
40.7501	125.86363
40.7751	120.1246
40.8001	114.86337
40.8251	110.21563
40.8501	106.28247
40.8751	103.07163
40.9001	100.51674
40.9251	98.51655
40.9501	96.95836
40.9751	95.76222
41.0001	94.83397
41.0251	94.09948
41.0501	93.51005
41.0751	93.02791
41.1001	92.62653
41.1251	92.2878
41.1501	91.9987
41.1751	91.75177
41.2001	91.54194
41.2251	91.36582
41.2501	91.22253
41.2751	91.11646
41.3001	91.04762
41.3251	91.01708
41.3501	91.03993
41.3751	91.123
41.4001	91.26982
41.4251	91.47973
41.4501	91.7414
41.4751	92.02821
41.5001	92.29077
41.5251	92.46928
41.5501	92.52325
41.5751	92.45749
41.6001	92.30135
41.6251	92.08743
41.6501	91.8307
41.6751	91.54814
41.7001	91.26735
41.7251	91.01625
41.7501	90.81262
41.7751	90.66281
41.8001	90.56552
41.8251	90.5153
41.8501	90.50491
41.8751	90.52686
41.9001	90.57551
41.9251	90.64902
41.9501	90.74979
41.9751	90.88427
42.0001	91.06431
42.0251	91.30231
42.0501	91.61625
42.0751	92.03743
42.1001	92.59839
42.1251	93.332
42.1501	94.26368
42.1751	95.40505
42.2001	96.73766
42.2251	98.19654
42.2501	99.65664
42.2751	100.95584
42.3001	101.99077
42.3251	102.81879
42.3501	103.64524
42.3751	104.7116
42.4001	106.2321
42.4251	108.4159
42.4501	111.48002
42.4751	115.61085
42.5001	120.76426
42.5251	126.61965
42.5501	132.46094
42.5751	137.21794
42.6001	139.86081
42.6251	140.01737
42.6501	138.09984
42.6751	134.79316
42.7001	130.45435
42.7251	125.32493
42.7501	119.77217
42.7751	114.31626
42.8001	109.39975
42.8251	105.24284
42.8501	101.89264
42.8751	99.30248
42.9001	97.35281
42.9251	95.91322
42.9501	94.87043
42.9751	94.1261
43.0001	93.60497
43.0251	93.25537
43.0501	93.04756
43.0751	92.97237
43.1001	93.02484
43.1251	93.22456
43.1501	93.58866
43.1751	94.12197
43.2001	94.82028
43.2251	95.65323
43.2501	96.55069
43.2751	97.38215
43.3001	97.9928
43.3251	98.28457
43.3501	98.27521
43.3751	98.06826
43.4001	97.75896
43.4251	97.39524
43.4501	97.0192
43.4751	96.69257
43.5001	96.47578
43.5251	96.37377
43.5501	96.34079
43.5751	96.2803
43.6001	96.11582
43.6251	95.83567
43.6501	95.47749
43.6751	95.07552
43.7001	94.6417
43.7251	94.18786
43.7501	93.74593
43.7751	93.35734
43.8001	93.0541
43.8251	92.8543
43.8501	92.77647
43.8751	92.8102
43.9001	92.95136
43.9251	93.19757
43.9501	93.55594
43.9751	94.03512
44.0001	94.6417
44.0251	95.38482
44.0501	96.26328
44.0751	97.26629
44.1001	98.37829
44.1251	99.52857
44.1501	100.56727
44.1751	101.29306
44.2001	101.55691
44.2251	101.36279
44.2501	100.83739
44.2751	100.10431
44.3001	99.22466
44.3251	98.23754
44.3501	97.20201
44.3751	96.22001
44.4001	95.36618
44.4251	94.67382
44.4501	94.14076
44.4751	93.74292
44.5001	93.44753
44.5251	93.22629
44.5501	93.0702
44.5751	92.94816
44.6001	92.84655
44.6251	92.77581
44.6501	92.74381
44.6751	92.74116
44.7001	92.77791
44.7251	92.86105
44.7501	93.00252
44.7751	93.22453
44.8001	93.55731
44.8251	94.021
44.8501	94.65596
44.8751	95.49042
44.9001	96.55619
44.9251	97.85419
44.9501	99.33107
44.9751	100.86238
45.0001	102.29366
45.0251	103.37207
45.0501	103.9246
45.0751	103.95504
45.1001	103.59889
45.1251	102.98059
45.1501	102.14647
45.1751	101.11777
45.2001	99.96393
45.2251	98.79846
45.2501	97.74329
45.2751	96.84221
45.3001	96.10808
45.3251	95.5308
45.3501	95.09167
45.3751	94.76952
45.4001	94.54392
45.4251	94.39749
45.4501	94.31606
45.4751	94.28847
45.5001	94.30931
45.5251	94.37282
45.5501	94.479
45.5751	94.63678
45.6001	94.86455
45.6251	95.18337
45.6501	95.61133
45.6751	96.19743
45.7001	96.97216
45.7251	97.97267
45.7501	99.22185
45.7751	100.71287
45.8001	102.39514
45.8251	104.14833
45.8501	105.77198
45.8751	107.02898
45.9001	107.7676
45.9251	108.02091
45.9501	107.96079
45.9751	107.74941
46.0001	107.46357
46.0251	107.18289
46.0501	106.99246
46.0751	107.01417
46.1001	107.33037
46.1251	107.94339
46.1501	108.76168
46.1751	109.6521
46.2001	110.5335
46.2251	111.47818
46.2501	112.70666
46.2751	114.49057
46.3001	117.07602
46.3251	120.68935
46.3501	125.54193
46.3751	131.7708
46.4001	139.31511
46.4251	147.76728
46.4501	156.23818
46.4751	163.37253
46.5001	167.77943
46.5251	168.81771
46.5501	166.93997
46.5751	163.08337
46.6001	157.92651
46.6251	151.69005
46.6501	144.59203
46.6751	137.15072
46.7001	130.02867
46.7251	123.73245
46.7501	118.49966
46.7751	114.35023
46.8001	111.16973
46.8251	108.76253
46.8501	106.93815
46.8751	105.54083
46.9001	104.47049
46.9251	103.66361
46.9501	103.07508
46.9751	102.66614
47.0001	102.44412
47.0251	102.45472
47.0501	102.76718
47.0751	103.46567
47.1001	104.61587
47.1251	106.29376
47.1501	108.53572
47.1751	111.31535
47.2001	114.53341
47.2251	117.93616
47.2501	121.07379
47.2751	123.39812
47.3001	124.49925
47.3251	124.36024
47.3501	123.27098
47.3751	121.57796
47.4001	119.4385
47.4251	116.90231
47.4501	114.10525
47.4751	111.26191
47.5001	108.61241
47.5251	106.3008
47.5501	104.39292
47.5751	102.89418
47.6001	101.75061
47.6251	100.91869
47.6501	100.34126
47.6751	99.97356
47.7001	99.76652
47.7251	99.68412
47.7501	99.6961
47.7751	99.77574
47.8001	99.89961
47.8251	100.05403
47.8501	100.22237
47.8751	100.41241
47.9001	100.63726
47.9251	100.91328
47.9501	101.25808
47.9751	101.69674
48.0001	102.27066
48.0251	103.03947
48.0501	104.0897
48.0751	105.54328
48.1001	107.53936
48.1251	110.24658
48.1501	113.83573
48.1751	118.45267
48.2001	124.16957
48.2251	130.93039
48.2501	138.46301
48.2751	146.17946
48.3001	153.13983
48.3251	158.27551
48.3501	160.93731
48.3751	161.30292
48.4001	160.09755
48.4251	157.94899
48.4501	155.08869
48.4751	151.60222
48.5001	147.78161
48.5251	144.15915
48.5501	141.22696
48.5751	139.20028
48.6001	137.97375
48.6251	137.2111
48.6501	136.53194
48.6751	135.75725
48.7001	135.03072
48.7251	134.67698
48.7501	134.96951
48.7751	136.04361
48.8001	137.95942
48.8251	140.81996
48.8501	144.60572
48.8751	149.07659
48.9001	153.62428
48.9251	157.36102
48.9501	159.47527
48.9751	159.6573
49.0001	158.12633
49.0251	155.27603
49.0501	151.39553
49.0751	146.66126
49.1001	141.2842
49.1251	135.5891
49.1501	129.95593
49.1751	124.70523
49.2001	120.05541
49.2251	116.11516
49.2501	112.89836
49.2751	110.34982
49.3001	108.38145
49.3251	106.89263
49.3501	105.78512
49.3751	104.97237
49.4001	104.38587
49.4251	103.97327
49.4501	103.69874
49.4751	103.53934
49.5001	103.48193
49.5251	103.52036
49.5501	103.65266
49.5751	103.87902
49.6001	104.19873
49.6251	104.60764
49.6501	105.09273
49.6751	105.62871
49.7001	106.18033
49.7251	106.71961
49.7501	107.24346
49.7751	107.79087
49.8001	108.41252
49.8251	109.18036
49.8501	110.16714
49.8751	111.46777
49.9001	113.22568
49.9251	115.63425
49.9501	118.91752
49.9751	123.31429
50.0001	129.03179
50.0251	136.19144
50.0501	144.75884
50.0751	154.45319
50.1001	164.62982
50.1251	174.1888
50.1501	181.71927
50.1751	186.08222
50.2001	187.10914
50.2251	185.62209
50.2501	182.6946
50.2751	179.00183
50.3001	174.80558
50.3251	170.36304
50.3501	166.23371
50.3751	163.12188
50.4001	161.58762
50.4251	161.82857
50.4501	163.64569
50.4751	166.49018
50.5001	169.62381
50.5251	172.49718
50.5501	175.10818
50.5751	177.91457
50.6001	181.3554
50.6251	185.45954
50.6501	189.78423
50.6751	193.56468
50.7001	195.88195
50.7251	195.92584
50.7501	193.40368
50.7751	188.77838
50.8001	182.91109
50.8251	176.45482
50.8501	169.61602
50.8751	162.38893
50.9001	154.91494
50.9251	147.57987
50.9501	140.82406
50.9751	134.93878
51.0001	130.04428
51.0251	126.14049
51.0501	123.16987
51.0751	121.04948
51.1001	119.69656
51.1251	119.04104
51.1501	119.06024
51.1751	119.8012
51.2001	121.38432
51.2251	124.00122
51.2501	127.89941
51.2751	133.35246
51.3001	140.61186
51.3251	149.8305
51.3501	160.98576
51.3751	173.7514
51.4001	187.34358
51.4251	200.37952
51.4501	210.97031
51.4751	217.35823
51.5001	218.8933
51.5251	216.35075
51.5501	211.12257
51.5751	204.20201
51.6001	195.89016
51.6251	186.24471
51.6501	175.63708
51.6751	164.83908
51.7001	154.67084
51.7251	145.69452
51.7501	138.16282
51.7751	132.10691
51.8001	127.43053
51.8251	123.97589
51.8501	121.56787
51.8751	120.04553
51.9001	119.28229
51.9251	119.20177
51.9501	119.78752
51.9751	121.08589
52.0001	123.20606
52.0251	126.30937
52.0501	130.59835
52.0751	136.292
52.1001	143.58249
52.1251	152.56167
52.1501	163.12121
52.1751	174.84383
52.2001	186.86521
52.2251	197.86367
52.2501	206.34486
52.2751	211.30274
52.3001	212.76359
52.3251	211.55825
52.3501	208.52559
52.3751	203.99511
52.4001	197.9376
52.4251	190.45269
52.4501	182.02747
52.4751	173.34551
52.5001	164.94655
52.5251	157.1121
52.5501	149.98469
52.5751	143.68249
52.6001	138.28434
52.6251	133.79815
52.6501	130.14464
52.6751	127.20969
52.7001	124.90109
52.7251	123.1707
52.7501	122.00311
52.7751	121.404
52.8001	121.40033
52.8251	122.05541
52.8501	123.47592
52.8751	125.81608
52.9001	129.27319
52.9251	134.07016
52.9501	140.42993
52.9751	148.52799
53.0001	158.43041
53.0251	170.00199
53.0501	182.78667
53.0751	195.91749
53.1001	208.22007
53.1251	218.63188
53.1501	226.64523
53.1751	232.20081
53.2001	235.13073
53.2251	234.95114
53.2501	231.33388
53.2751	224.65883
53.3001	215.96852
53.3251	206.41132
53.3501	196.7784
53.3751	187.49346
53.4001	178.91935
53.4251	171.53944
53.4501	165.86018
53.4751	162.23131
53.5001	160.75671
53.5251	161.29925
53.5501	163.48094
53.5751	166.69205
53.6001	170.14295
53.6251	173.09965
53.6501	175.20059
53.6751	176.51424
53.7001	177.20898
53.7251	177.19342
53.7501	176.06755
53.7751	173.44516
53.8001	169.35036
53.8251	164.26968
53.8501	158.82283
53.8751	153.43609
53.9001	148.27231
53.9251	143.36158
53.9501	138.7604
53.9751	134.59395
54.0001	130.99102
54.0251	128.03336
54.0501	125.7398
54.0751	124.07382
54.1001	122.99861
54.1251	122.47941
54.1501	122.50075
54.1751	123.07689
54.2001	124.2587
54.2251	126.13545
54.2501	128.82943
54.2751	132.48134
54.3001	137.22589
54.3251	143.15864
54.3501	150.29477
54.3751	158.51381
54.4001	167.49826
54.4251	176.66327
54.4501	185.18096
54.4751	192.24412
54.5001	197.55673
54.5251	201.62859
54.5501	205.50125
54.5751	210.16579
54.6001	216.20901
54.6251	223.81623
54.6501	232.99664
54.6751	243.68828
54.7001	255.56701
54.7251	267.75371
54.7501	278.84864
54.7751	287.60887
54.8001	293.92621
54.8251	299.11352
54.8501	305.07741
54.8751	313.22116
54.9001	323.94603
54.9251	336.82284
54.9501	350.98474
54.9751	365.19014
55.0001	377.52987
55.0251	385.60589
55.0501	387.75293
55.0751	384.33513
55.1001	377.52854
55.1251	369.76411
55.1501	362.42624
55.1751	355.65441
55.2001	349.01859
55.2251	342.25115
55.2501	335.26209
55.2751	327.62423
55.3001	318.47521
55.3251	307.19972
55.3501	294.08731
55.3751	280.10291
55.4001	266.08335
55.4251	252.26439
55.4501	238.42457
55.4751	224.36721
55.5001	210.29571
55.5251	196.76996
55.5501	184.38564
55.5751	173.55475
55.6001	164.48318
55.6251	157.21472
55.6501	151.65712
55.6751	147.59386
55.7001	144.69672
55.7251	142.54871
55.7501	140.71492
55.7751	138.86603
55.8001	136.87413
55.8251	134.78738
55.8501	132.69842
55.8751	130.64434
55.9001	128.59285
55.9251	126.50196
55.9501	124.38037
55.9751	122.30592
56.0001	120.36605
56.0251	118.6299
56.0501	117.13065
56.0751	115.87645
56.1001	114.85227
56.1251	114.04048
56.1501	113.41696
56.1751	112.95945
56.2001	112.64864
56.2251	112.47086
56.2501	112.41956
56.2751	112.49585
56.3001	112.7106
56.3251	113.08142
56.3501	113.64638
56.3751	114.44053
56.4001	115.51032
56.4251	116.91266
56.4501	118.70631
56.4751	120.94317
56.5001	123.66066
56.5251	126.86595
56.5501	130.53557
56.5751	134.60971
56.6001	138.98585
56.6251	143.4594
56.6501	147.66818
56.6751	151.16059
56.7001	153.59749
56.7251	154.99343
56.7501	155.71911
56.7751	156.23771
56.8001	156.8371
56.8251	157.53433
56.8501	158.14395
56.8751	158.40526
56.9001	158.06188
56.9251	156.90847
56.9501	154.89597
56.9751	152.22248
57.0001	149.24891
57.0251	146.29386
57.0501	143.49828
57.0751	140.84008
57.1001	138.25265
57.1251	135.74134
57.1501	133.40859
57.1751	131.38847
57.2001	129.78435
57.2251	128.66344
57.2501	128.09331
57.2751	128.16271
57.3001	128.96738
57.3251	130.58927
57.3501	133.08647
57.3751	136.49214
57.4001	140.81106
57.4251	145.99377
57.4501	151.90714
57.4751	158.32995
57.5001	165.04168
57.5251	171.94266
57.5501	179.04195
57.5751	186.24895
57.6001	193.1293
57.6251	198.82469
57.6501	202.29642
57.6751	202.87273
57.7001	200.68971
57.7251	196.56575
57.7501	191.42813
57.7751	185.85669
57.8001	180.00716
57.8251	173.85426
57.8501	167.49312
57.8751	161.26804
57.9001	155.6588
57.9251	151.1185
57.9501	147.9816
57.9751	146.50081
58.0001	146.88164
58.0251	149.30556
58.0501	153.92738
58.0751	160.85073
58.1001	170.08399
58.1251	181.478
58.1501	194.647
58.1751	208.88859
58.2001	223.14237
58.2251	236.04948
58.2501	246.18693
58.2751	252.50238
58.3001	254.75288
58.3251	253.52907
58.3501	249.77238
58.3751	244.291
58.4001	237.58937
58.4251	229.97961
58.4501	221.78372
58.4751	213.47807
58.5001	205.6229
58.5251	198.66254
58.5501	192.77051
58.5751	187.83519
58.6001	183.54186
58.6251	179.58274
58.6501	175.89446
58.6751	172.70416
58.7001	170.33766
58.7251	169.00644
58.7501	168.71198
58.7751	169.31038
58.8001	170.6096
58.8251	172.4263
58.8501	174.5191
58.8751	176.49905
58.9001	177.88484
58.9251	178.33259
58.9501	177.82202
58.9751	176.58892
59.0001	174.87764
59.0251	172.83026
59.0501	170.52709
59.0751	168.08098
59.1001	165.70207
59.1251	163.65109
59.1501	162.16727
59.1751	161.35336
59.2001	161.15495
59.2251	161.34793
59.2501	161.55757
59.2751	161.31046
59.3001	160.25279
59.3251	158.31654
59.3501	155.72213
59.3751	152.76983
59.4001	149.64785
59.4251	146.38327
59.4501	142.91577
59.4751	139.22302
59.5001	135.39784
59.5251	131.61801
59.5501	128.06162
59.5751	124.85514
59.6001	122.0666
59.6251	119.72158
59.6501	117.81158
59.6751	116.30689
59.7001	115.16668
59.7251	114.34058
59.7501	113.78583
59.7751	113.47172
59.8001	113.3831
59.8251	113.50866
59.8501	113.84859
59.8751	114.39818
59.9001	115.14478
59.9251	116.06278
59.9501	117.10678
59.9751	118.205
60.0001	119.26144
60.0251	120.18214
60.0501	120.92122
60.0751	121.50579
60.1001	122.00466
60.1251	122.47101
60.1501	122.91215
60.1751	123.27512
60.2001	123.50829
60.2251	123.60977
60.2501	123.62495
60.2751	123.62783
60.3001	123.70483
60.3251	123.94094
60.3501	124.45458
60.3751	125.39823
60.4001	126.94055
60.4251	129.24875
60.4501	132.44488
60.4751	136.61145
60.5001	141.75867
60.5251	147.79832
60.5501	154.49318
60.5751	161.39673
60.6001	167.82318
60.6251	172.93625
60.6501	176.03593
60.6751	176.92711
60.7001	175.99871
60.7251	173.94095
60.7501	171.34424
60.7751	168.4912
60.8001	165.39186
60.8251	161.97918
60.8501	158.3096
60.8751	154.5989
60.9001	151.1083
60.9251	147.98654
60.9501	145.21525
60.9751	142.67211
61.0001	140.23432
61.0251	137.85336
61.0501	135.58915
61.0751	133.5306
61.1001	131.74225
61.1251	130.23065
61.1501	128.96424
61.1751	127.93186
61.2001	127.15469
61.2251	126.70531
61.2501	126.67109
61.2751	127.11679
61.3001	128.0591
61.3251	129.45468
61.3501	131.19563
61.3751	133.14132
61.4001	135.17141
61.4251	137.23721
61.4501	139.34268
61.4751	141.45745
61.5001	143.43232
61.5251	144.97935
61.5501	145.76415
61.5751	145.58691
61.6001	144.51793
61.6251	142.83556
61.6501	140.85967
61.6751	138.79778
61.7001	136.71999
61.7251	134.60032
61.7501	132.41234
61.7751	130.20232
61.8001	128.09338
61.8251	126.23558
61.8501	124.75694
61.8751	123.75051
61.9001	123.27687
61.9251	123.38131
61.9501	124.08054
61.9751	125.41245
62.0001	127.40861
62.0251	130.09863
62.0501	133.50414
62.0751	137.6313
62.1001	142.4566
62.1251	147.89621
62.1501	153.75122
62.1751	159.64366
62.2001	164.98952
62.2251	169.08264
62.2501	171.33973
62.2751	171.59722
62.3001	170.18839
62.3251	167.70567
62.3501	164.65678
62.3751	161.30909
62.4001	157.6882
62.4251	153.73701
62.4501	149.4943
62.4751	145.17664
62.5001	141.10568
62.5251	137.58733
62.5501	134.83912
62.5751	132.98863
62.6001	132.07829
62.6251	132.09079
62.6501	132.94333
62.6751	134.49563
62.7001	136.5336
62.7251	138.77622
62.7501	140.92793
62.7751	142.77991
62.8001	144.29674
62.8251	145.62183
62.8501	146.90492
62.8751	148.20657
62.9001	149.45163
62.9251	150.47873
62.9501	151.13191
62.9751	151.30941
63.0001	150.96516
63.0251	150.07781
63.0501	148.68064
63.0751	146.88493
63.1001	144.88647
63.1251	142.83904
63.1501	140.82441
63.1751	138.84747
63.2001	136.87662
63.2251	134.91308
63.2501	133.02285
63.2751	131.30472
63.3001	129.83058
63.3251	128.60908
63.3501	127.58842
63.3751	126.69226
63.4001	125.87479
63.4251	125.11077
63.4501	124.41728
63.4751	123.83906
63.5001	123.41377
63.5251	123.14147
63.5501	122.99509
63.5751	122.90825
63.6001	122.81847
63.6251	122.68222
63.6501	122.48953
63.6751	122.26107
63.7001	122.01552
63.7251	121.74393
63.7501	121.42833
63.7751	121.05306
63.8001	120.62902
63.8251	120.19877
63.8501	119.82088
63.8751	119.55414
63.9001	119.43355
63.9251	119.47628
63.9501	119.68141
63.9751	120.03377
64.0001	120.49865
64.0251	121.01633
64.0501	121.49372
64.0751	121.82401
64.1001	121.93388
64.1251	121.82364
64.1501	121.56763
64.1751	121.27235
64.2001	121.02684
64.2251	120.87332
64.2501	120.82232
64.2751	120.86713
64.3001	121.01927
64.3251	121.31195
64.3501	121.78716
64.3751	122.47223
64.4001	123.36469
64.4251	124.43248
64.4501	125.63501
64.4751	126.96213
64.5001	128.46598
64.5251	130.25698
64.5501	132.45667
64.5751	135.14715
64.6001	138.33961
64.6251	141.96346
64.6501	145.86282
64.6751	149.81356
64.7001	153.55306
64.7251	156.86521
64.7501	159.69398
64.7751	162.19095
64.8001	164.61868
64.8251	167.17888
64.8501	169.86403
64.8751	172.44377
64.9001	174.51209
64.9251	175.686
64.9501	175.82531
64.9751	175.10258
65.0001	173.8472
65.0251	172.32306
65.0501	170.57928
65.0751	168.46043
65.1001	165.75062
65.1251	162.37298
65.1501	158.47479
65.1751	154.36138
65.2001	150.34412
65.2251	146.62462
65.2501	143.26956
65.2751	140.27435
65.3001	137.60475
65.3251	135.25897
65.3501	133.25147
65.3751	131.57834
65.4001	130.1897
65.4251	129.00838
65.4501	127.967
65.4751	127.03639
65.5001	126.22232
65.5251	125.53483
65.5501	124.98747
65.5751	124.59847
65.6001	124.36879
65.6251	124.31794
65.6501	124.47595
65.6751	124.87701
65.7001	125.54492
65.7251	126.48205
65.7501	127.65806
65.7751	129.00544
65.8001	130.42157
65.8251	131.78472
65.8501	133.01756
65.8751	134.12851
65.9001	135.21687
65.9251	136.40659
65.9501	137.77587
65.9751	139.31295
66.0001	140.90402
66.0251	142.39978
66.0501	143.65726
66.0751	144.56939
66.1001	145.04378
66.1251	144.99287
66.1501	144.3787
66.1751	143.26733
66.2001	141.82147
66.2251	140.23249
66.2501	138.64353
66.2751	137.12343
66.3001	135.65696
66.3251	134.18111
66.3501	132.63578
66.3751	130.98995
66.4001	129.24798
66.4251	127.44403
66.4501	125.64005
66.4751	123.91407
66.5001	122.33672
66.5251	120.94871
66.5501	119.75259
66.5751	118.73719
66.6001	117.86639
66.6251	117.11857
66.6501	116.49518
66.6751	116.00759
66.7001	115.66946
66.7251	115.48687
66.7501	115.4563
66.7751	115.56455
66.8001	115.78685
66.8251	116.08302
66.8501	116.39764
66.8751	116.66915
66.9001	116.84941
66.9251	116.92785
66.9501	116.93108
66.9751	116.89412
67.0001	116.85093
67.0251	116.81
67.0501	116.7558
67.0751	116.6608
67.1001	116.50609
67.1251	116.29971
67.1501	116.07807
67.1751	115.89118
67.2001	115.78522
67.2251	115.79229
67.2501	115.936
67.2751	116.222
67.3001	116.65313
67.3251	117.23064
67.3501	117.96141
67.3751	118.85448
67.4001	119.91242
67.4251	121.13781
67.4501	122.52216
67.4751	124.05411
67.5001	125.70607
67.5251	127.44038
67.5501	129.23031
67.5751	131.08835
67.6001	133.07173
67.6251	135.25859
67.6501	137.69404
67.6751	140.34573
67.7001	143.08571
67.7251	145.68396
67.7501	147.84068
67.7751	149.26965
67.8001	149.81758
67.8251	149.54936
67.8501	148.7127
67.8751	147.61298
67.9001	146.49365
67.9251	145.477
67.9501	144.56883
67.9751	143.70815
68.0001	142.83916
68.0251	141.96449
68.0501	141.14995
68.0751	140.49056
68.1001	140.0688
68.1251	139.92391
68.1501	140.04254
68.1751	140.37722
68.2001	140.88969
68.2251	141.59336
68.2501	142.56146
68.2751	143.87891
68.3001	145.59708
68.3251	147.68581
68.3501	150.01171
68.3751	152.33658
68.4001	154.34159
68.4251	155.70542
68.4501	156.18743
68.4751	155.74848
68.5001	154.57178
68.5251	152.97002
68.5501	151.2504
68.5751	149.62293
68.6001	148.18069
68.6251	146.93767
68.6501	145.89008
68.6751	145.09681
68.7001	144.69211
68.7251	144.84782
68.7501	145.71252
68.7751	147.36594
68.8001	149.797
68.8251	152.8963
68.8501	156.44641
68.8751	160.1268
68.9001	163.55647
68.9251	166.37271
68.9501	168.33949
68.9751	169.41172
69.0001	169.70036
69.0251	169.36076
69.0501	168.4839
69.0751	167.07479
69.1001	165.10433
69.1251	162.57284
69.1501	159.56284
69.1751	156.24163
69.2001	152.81356
69.2251	149.47588
69.2501	146.38638
69.2751	143.66497
69.3001	141.41797
69.3251	139.75721
69.3501	138.79676
69.3751	138.63767
69.4001	139.33807
69.4251	140.91863
69.4501	143.3521
69.4751	146.5428
69.5001	150.32593
69.5251	154.44192
69.5501	158.55222
69.5751	162.28673
69.6001	165.32479
69.6251	167.46275
69.6501	168.60969
69.6751	168.75586
69.7001	167.96743
69.7251	166.38966
69.7501	164.20023
69.7751	161.56522
69.8001	158.60509
69.8251	155.40491
69.8501	152.03218
69.8751	148.5419
69.9001	145.00288
69.9251	141.51099
69.9501	138.19053
69.9751	135.16808
70.0001	132.54663
70.0251	130.39538
70.0501	128.75105
70.0751	127.62675
70.1001	127.01806
70.1251	126.90605
70.1501	127.26022
70.1751	128.04049
70.2001	129.1982
70.2251	130.66047
70.2501	132.33594
70.2751	134.11377
70.3001	135.87352
70.3251	137.50303
70.3501	138.92626
70.3751	140.13552
70.4001	141.20838
70.4251	142.28269
70.4501	143.5084
70.4751	145.00813
70.5001	146.86661
70.5251	149.13991
70.5501	151.86659
70.5751	155.06964
70.6001	158.74491
70.6251	162.83225
70.6501	167.17775
70.6751	171.50478
70.7001	175.42825
70.7251	178.53432
70.7501	180.52208
70.7751	181.34138
70.8001	181.22523
70.8251	180.5948
70.8501	179.88607
70.8751	179.42529
70.9001	179.39146
70.9251	179.83913
70.9501	180.76469
70.9751	182.17968
71.0001	184.15795
71.0251	186.81262
71.0501	190.22116
71.0751	194.33808
71.1001	198.93445
71.1251	203.57296
71.1501	207.66324
71.1751	210.62275
71.2001	212.08394
71.2251	212.0225
71.2501	210.6817
71.2751	208.39065
71.3001	205.42481
71.3251	201.95823
71.3501	198.0641
71.3751	193.7555
71.4001	189.04823
71.4251	184.02337
71.4501	178.8351
71.4751	173.66275
71.5001	168.67457
71.5251	164.03198
71.5501	159.91141
71.5751	156.48922
71.6001	153.91841
71.6251	152.29624
71.6501	151.64636
71.6751	151.9408
71.7001	153.06879
71.7251	154.87007
71.7501	157.13974
71.7751	159.625
71.8001	162.03491
71.8251	164.04676
71.8501	165.35298
71.8751	165.75705
71.9001	165.2565
71.9251	164.03198
71.9501	162.35306
71.9751	160.46339
72.0001	158.51722
72.0251	156.57358
72.0501	154.62285
72.0751	152.64791
72.1001	150.68465
72.1251	148.85332
72.1501	147.3384
72.1751	146.34058
72.2001	146.03602
72.2251	146.56181
72.2501	148.00391
72.2751	150.40589
72.3001	153.75946
72.3251	157.99597
72.3501	162.97455
72.3751	168.4669
72.4001	174.1545
72.4251	179.66329
72.4501	184.65437
72.4751	188.94713
72.5001	192.59043
72.5251	195.80556
72.5501	198.84091
72.5751	201.81833
72.6001	204.64047
72.6251	206.98727
72.6501	208.40201
72.6751	208.49425
72.7001	207.12985
72.7251	204.52304
72.7501	201.12666
72.7751	197.42556
72.8001	193.77051
72.8251	190.31169
72.8501	187.01687
72.8751	183.76151
72.9001	180.45509
72.9251	177.14385
72.9501	174.02325
72.9751	171.35923
73.0001	169.39408
73.0251	168.28391
73.0501	168.07791
73.0751	168.72596
73.1001	170.1011
73.1251	172.03048
73.1501	174.31926
73.1751	176.75293
73.2001	179.07997
73.2251	181.00836
73.2501	182.2437
73.2751	182.58814
73.3001	182.01503
73.3251	180.68674
73.3501	178.87477
73.3751	176.85463
73.4001	174.82186
73.4251	172.87616
73.4501	171.00783
73.4751	169.16151
73.5001	167.30687
73.5251	165.47588
73.5501	163.78373
73.5751	162.39005
73.6001	161.44857
73.6251	161.0606
73.6501	161.25939
73.6751	162.0205
73.7001	163.29244
73.7251	165.04098
73.7501	167.25212
73.7751	169.91205
73.8001	172.96075
73.8251	176.24684
73.8501	179.50315
73.8751	182.3712
73.9001	184.49901
73.9251	185.67021
73.9501	185.91118
73.9751	185.46885
74.0001	184.69025
74.0251	183.87957
74.0501	183.23154
74.0751	182.8334
74.1001	182.70632
74.1251	182.85931
74.1501	183.33441
74.1751	184.20959
74.2001	185.55533
74.2251	187.37322
74.2501	189.55124
74.2751	191.86446
74.3001	193.99937
74.3251	195.59285
74.3501	196.29078
74.3751	195.84014
74.4001	194.19283
74.4251	191.52871
74.4501	188.17372
74.4751	184.45769
74.5001	180.61094
74.5251	176.73594
74.5501	172.8211
74.5751	168.7893
74.6001	164.56903
74.6251	160.16051
74.6501	155.65791
74.6751	151.21507
74.7001	146.98446
74.7251	143.09291
74.7501	139.62339
74.7751	136.62366
74.8001	134.11872
74.8251	132.1173
74.8501	130.6151
74.8751	129.5984
74.9001	129.04915
74.9251	128.94248
74.9501	129.25183
74.9751	129.94586
75.0001	130.98533
75.0251	132.32442
75.0501	133.89485
75.0751	135.60436
75.1001	137.33017
75.1251	138.92027
75.1501	140.21498
75.1751	141.09076
75.2001	141.50628
75.2251	141.52165
75.2501	141.26473
75.2751	140.87712
75.3001	140.46818
75.3251	140.09211
75.3501	139.75368
75.3751	139.41989
75.4001	139.04759
75.4251	138.60036
75.4501	138.07111
75.4751	137.46185
75.5001	136.77911
75.5251	136.02518
75.5501	135.22089
75.5751	134.40328
75.6001	133.61735
75.6251	132.89939
75.6501	132.26907
75.6751	131.7242
75.7001	131.24494
75.7251	130.79848
75.7501	130.35335
75.7751	129.89556
75.8001	129.44014
75.8251	129.02802
75.8501	128.71725
75.8751	128.57066
75.9001	128.64838
75.9251	129.00638
75.9501	129.69245
75.9751	130.74699
76.0001	132.20031
76.0251	134.07164
76.0501	136.36306
76.0751	139.05116
76.1001	142.07511
76.1251	145.32417
76.1501	148.62994
76.1751	151.7615
76.2001	154.44094
76.2251	156.40387
76.2501	157.48329
76.2751	157.67755
76.3001	157.14465
76.3251	156.12525
76.3501	154.84667
76.3751	153.47103
76.4001	152.05741
76.4251	150.58565
76.4501	148.98836
76.4751	147.20272
76.5001	145.21629
76.5251	143.08027
76.5501	140.89218
76.5751	138.7612
76.6001	136.77955
76.6251	135.0136
76.6501	133.49866
76.6751	132.23931
76.7001	131.21211
76.7251	130.37103
76.7501	129.65812
76.7751	129.01609
76.8001	128.40598
76.8251	127.82112
76.8501	127.26895
76.8751	126.76596
76.9001	126.3224
76.9251	125.93608
76.9501	125.59141
76.9751	125.26284
77.0001	124.92475
77.0251	124.56149
77.0501	124.17373
77.0751	123.77535
77.1001	123.38694
77.1251	123.02064
77.1501	122.68451
77.1751	122.37747
77.2001	122.09393
77.2251	121.82821
77.2501	121.57939
77.2751	121.35019
77.3001	121.14458
77.3251	120.96541
77.3501	120.81085
77.3751	120.67558
77.4001	120.55265
77.4251	120.43192
77.4501	120.3104
77.4751	120.18655
77.5001	120.06529
77.5251	119.95356
77.5501	119.85843
77.5751	119.78163
77.6001	119.72409
77.6251	119.68432
77.6501	119.6606
77.6751	119.65134
77.7001	119.65809
77.7251	119.68478
77.7501	119.73482
77.7751	119.81359
77.8001	119.92741
77.8251	120.08394
77.8501	120.2927
77.8751	120.56585
77.9001	120.91815
77.9251	121.36803
77.9501	121.93671
77.9751	122.64851
78.0001	123.527
78.0251	124.59616
78.0501	125.8785
78.0751	127.38735
78.1001	129.12689
78.1251	131.0852
78.1501	133.23133
78.1751	135.50983
78.2001	137.83833
78.2251	140.1114
78.2501	142.20584
78.2751	144.00043
78.3001	145.39123
78.3251	146.31537
78.3501	146.76847
78.3751	146.81109
78.4001	146.55102
78.4251	146.11206
78.4501	145.60043
78.4751	145.09076
78.5001	144.62973
78.5251	144.24908
78.5501	143.98337
78.5751	143.88333
78.6001	144.0259
78.6251	144.51617
78.6501	145.4736
78.6751	147.00899
78.7001	149.21347
78.7251	152.14183
78.7501	155.8043
78.7751	160.16312
78.8001	165.11336
78.8251	170.48264
78.8501	176.02706
78.8751	181.45098
78.9001	186.43014
78.9251	190.67229
78.9501	193.9704
78.9751	196.23375
79.0001	197.48717
79.0251	197.8529
79.0501	197.52128
79.0751	196.70546
79.1001	195.58806
79.1251	194.28231
79.1501	192.8245
79.1751	191.19017
79.2001	189.32012
79.2251	187.14167
79.2501	184.57959
79.2751	181.58341
79.3001	178.14717
79.3251	174.33589
79.3501	170.28526
79.3751	166.16952
79.4001	162.1618
79.4251	158.39104
79.4501	154.92557
79.4751	151.77449
79.5001	148.89992
79.5251	146.24162
79.5501	143.74195
79.5751	141.36202
79.6001	139.09717
79.6251	136.96632
79.6501	134.99524
79.6751	133.20508
79.7001	131.60711
79.7251	130.20324
79.7501	128.98898
79.7751	127.95576
79.8001	127.09152
79.8251	126.38287
79.8501	125.81349
79.8751	125.36583
79.9001	125.02143
79.9251	124.76194
79.9501	124.57032
79.9751	124.43235
80.0001	124.34098
80.0251	124.29053
80.0501	124.28514
80.0751	124.32536
80.1001	124.41526
80.1251	124.55946
80.1501	124.76357
80.1751	125.0343
80.2001	125.38091
80.2251	125.81618
80.2501	126.35635
80.2751	127.03042
80.3001	127.86691
80.3251	128.9037
80.3501	130.18199
80.3751	131.74361
80.4001	133.62596
80.4251	135.85716
80.4501	138.45136
80.4751	141.3984
80.5001	144.67861
80.5251	148.22427
80.5501	151.93311
80.5751	155.65719
80.6001	159.20182
80.6251	162.3489
80.6501	164.89077
80.6751	166.69662
80.7001	167.76078
80.7251	168.20811
80.7501	168.24468
80.7751	168.08824
80.8001	167.90965
80.8251	167.79809
80.8501	167.75989
80.8751	167.73224
80.9001	167.62031
80.9251	167.3441
80.9501	166.87331
80.9751	166.23351
81.0001	165.47121
81.0251	164.61884
81.0501	163.67271
81.0751	162.59996
81.1001	161.36404
81.1251	159.94964
81.1501	158.37355
81.1751	156.67908
81.2001	154.92714
81.2251	153.18044
81.2501	151.50112
81.2751	149.92029
81.3001	148.44555
81.3251	147.06502
81.3501	145.76206
81.3751	144.52893
81.4001	143.37271
81.4251	142.31313
81.4501	141.37632
81.4751	140.58737
81.5001	139.96087
81.5251	139.50308
81.5501	139.19425
81.5751	138.99689
81.6001	138.85787
81.6251	138.72353
81.6501	138.55765
81.6751	138.35404
81.7001	138.14438
81.7251	137.98618
81.7501	137.94442
81.7751	138.07576
81.8001	138.41927
81.8251	138.99311
81.8501	139.79373
81.8751	140.80525
81.9001	142.00239
81.9251	143.35554
81.9501	144.83089
81.9751	146.38411
82.0001	147.95
82.0251	149.44002
82.0501	150.75503
82.0751	151.81467
82.1001	152.59045
82.1251	153.12578
82.1501	153.5253
82.1751	153.90829
82.2001	154.37956
82.2251	155.00123
82.2501	155.78231
82.2751	156.68178
82.3001	157.62677
82.3251	158.539
82.3501	159.36328
82.3751	160.08314
82.4001	160.70085
82.4251	161.20862
82.4501	161.56394
82.4751	161.68437
82.5001	161.46957
82.5251	160.84234
82.5501	159.78818
82.5751	158.36681
82.6001	156.6935
82.6251	154.90196
82.6501	153.11107
82.6751	151.40105
82.7001	149.80883
82.7251	148.33196
82.7501	146.95031
82.7751	145.6393
82.8001	144.40185
82.8251	143.27255
82.8501	142.30098
82.8751	141.54471
82.9001	141.05057
82.9251	140.8458
82.9501	140.93558
82.9751	141.30253
83.0001	141.9073
83.0251	142.68855
83.0501	143.56494
83.0751	144.44371
83.1001	145.23305
83.1251	145.85954
83.1501	146.27715
83.1751	146.46938
83.2001	146.44626
83.2251	146.24072
83.2501	145.90783
83.2751	145.50181
83.3001	145.08713
83.3251	144.69577
83.3501	144.34767
83.3751	144.05191
83.4001	143.81181
83.4251	143.63511
83.4501	143.52483
83.4751	143.49817
83.5001	143.57764
83.5251	143.79822
83.5501	144.20379
83.5751	144.83557
83.6001	145.71923
83.6251	146.85318
83.6501	148.20404
83.6751	149.70098
83.7001	151.23801
83.7251	152.68395
83.7501	153.90037
83.7751	154.76826
83.8001	155.21638
83.8251	155.23947
83.8501	154.89553
83.8751	154.28437
83.9001	153.51319
83.9251	152.66769
83.9501	151.79794
83.9751	150.91083
84.0001	149.98963
84.0251	148.9845
84.0501	147.84629
84.0751	146.54642
84.1001	145.08178
84.1251	143.48589
84.1501	141.81695
84.1751	140.14178
84.2001	138.52141
84.2251	137.00292
84.2501	135.61652
84.2751	134.37615
84.3001	133.28233
84.3251	132.32734
84.3501	131.50188
84.3751	130.80169
84.4001	130.23061
84.4251	129.80072
84.4501	129.52973
84.4751	129.43772
84.5001	129.54431
84.5251	129.86658
84.5501	130.41742
84.5751	131.20428
84.6001	132.22786
84.6251	133.48063
84.6501	134.94474
84.6751	136.58895
84.7001	138.36719
84.7251	140.21754
84.7501	142.0645
84.7751	143.81904
84.8001	145.39641
84.8251	146.72966
84.8501	147.78053
84.8751	148.54716
84.9001	149.04775
84.9251	149.31711
84.9501	149.39478
84.9751	149.33055
85.0001	149.15373
85.0251	148.88119
85.0501	148.51529
85.0751	148.05525
85.1001	147.5111
85.1251	146.91106
85.1501	146.2984
85.1751	145.72211
85.2001	145.22984
85.2251	144.86294
85.2501	144.65394
85.2751	144.62291
85.3001	144.77867
85.3251	145.12049
85.3501	145.64288
85.3751	146.34187
85.4001	147.21742
85.4251	148.27188
85.4501	149.50362
85.4751	150.90292
85.5001	152.45444
85.5251	154.14512
85.5501	155.97162
85.5751	157.9364
85.6001	160.03905
85.6251	162.24698
85.6501	164.49555
85.6751	166.66794
85.7001	168.61122
85.7251	170.15798
85.7501	171.16691
85.7751	171.56654
85.8001	171.37752
85.8251	170.69811
85.8501	169.66218
85.8751	168.39516
85.9001	166.98742
85.9251	165.49031
85.9501	163.9206
85.9751	162.27257
86.0001	160.52975
86.0251	158.68142
86.0501	156.74259
86.0751	154.74676
86.1001	152.74328
86.1251	150.7789
86.1501	148.87857
86.1751	147.04603
86.2001	145.2706
86.2251	143.5404
86.2501	141.85417
86.2751	140.22697
86.3001	138.68848
86.3251	137.2726
86.3501	136.0223
86.3751	134.96125
86.4001	134.10231
86.4251	133.44276
86.4501	132.96502
86.4751	132.63971
86.5001	132.43009
86.5251	132.3011
86.5501	132.22101
86.5751	132.16777
86.6001	132.12775
86.6251	132.09374
86.6501	132.05744
86.6751	132.0087
86.7001	131.93743
86.7251	131.83957
86.7501	131.72221
86.7751	131.60559
86.8001	131.51393
86.8251	131.4701
86.8501	131.4895
86.8751	131.58894
86.9001	131.76805
86.9251	132.02498
86.9501	132.35384
86.9751	132.74542
87.0001	133.18749
87.0251	133.66408
87.0501	134.15322
87.0751	134.62438
87.1001	135.03931
87.1251	135.35842
87.1501	135.55386
87.1751	135.62254
87.2001	135.59203
87.2251	135.51485
87.2501	135.4544
87.2751	135.46951
87.3001	135.60288
87.3251	135.87602
87.3501	136.28801
87.3751	136.81765
87.4001	137.42771
87.4251	138.07056
87.4501	138.6942
87.4751	139.24719
87.5001	139.68377
87.5251	139.97192
87.5501	140.10469
87.5751	140.10905
87.6001	140.04444
87.6251	139.9893
87.6501	140.02161
87.6751	140.20177
87.7001	140.5618
87.7251	141.10074
87.7501	141.78341
87.7751	142.55109
87.8001	143.32017
87.8251	143.99979
87.8501	144.50184
87.8751	144.75113
87.9001	144.69403
87.9251	144.30632
87.9501	143.59836
87.9751	142.61515
88.0001	141.42788
88.0251	140.11902
88.0501	138.76638
88.0751	137.43128
88.1001	136.15268
88.1251	134.9465
88.1501	133.81012
88.1751	132.73043
88.2001	131.69173
88.2251	130.68597
88.2501	129.71699
88.2751	128.80116
88.3001	127.96033
88.3251	127.21495
88.3501	126.5836
88.3751	126.07208
88.4001	125.6786
88.4251	125.39384
88.4501	125.20428
88.4751	125.0944
88.5001	125.05168
88.5251	125.07136
88.5501	125.16075
88.5751	125.33977
88.6001	125.63652
88.6251	126.07975
88.6501	126.69153
88.6751	127.48208
88.7001	128.44724
88.7251	129.56736
88.7501	130.80704
88.7751	132.11569
88.8001	133.42984
88.8251	134.6785
88.8501	135.79226
88.8751	136.71529
88.9001	137.41691
88.9251	137.89836
88.9501	138.19046
88.9751	138.34867
89.0001	138.441
89.0251	138.52835
89.0501	138.65939
89.0751	138.86227
89.1001	139.13451
89.1251	139.44291
89.1501	139.7329
89.1751	139.93788
89.2001	139.99046
89.2251	139.8326
89.2501	139.42218
89.2751	138.73778
89.3001	137.78287
89.3251	136.5884
89.3501	135.2099
89.3751	133.71875
89.4001	132.18819
89.4251	130.68504
89.4501	129.25486
89.4751	127.926
89.5001	126.71099
89.5251	125.61169
89.5501	124.62486
89.5751	123.74978
89.6001	122.99133
89.6251	122.36538
89.6501	121.89799
89.6751	121.62148
89.7001	121.5681
89.7251	121.76425
89.7501	122.22638
89.7751	122.9584
89.8001	123.9501
89.8251	125.17691
89.8501	126.59952
89.8751	128.16651
89.9001	129.81833
89.9251	131.49285
89.9501	133.13066
89.9751	134.67768
90.0001	136.08402