16.5001	366.76106
16.5251	365.73721
16.5501	364.71615
16.5751	363.69789
16.6001	362.68242
16.6251	361.66973
16.6501	360.65983
16.6751	359.6527
16.7001	358.64835
16.7251	357.64677
16.7501	356.64796
16.7751	355.65191
16.8001	354.65862
16.8251	353.66809
16.8501	352.68032
16.8751	351.69529
16.9001	350.71301
16.9251	349.73348
16.9501	348.75669
16.9751	347.78265
17.0001	346.81133
17.0251	345.84276
17.0501	344.87692
17.0751	343.91381
17.1001	342.95342
17.1251	341.99577
17.1501	341.04084
17.1751	340.08864
17.2001	339.13916
17.2251	338.19241
17.2501	337.24837
17.2751	336.30706
17.3001	335.36847
17.3251	334.4326
17.3501	333.49946
17.3751	332.56904
17.4001	331.64134
17.4251	330.71637
17.4501	329.79413
17.4751	328.87462
17.5001	327.95784
17.5251	327.0438
17.5501	326.1325
17.5751	325.22395
17.6001	324.31815
17.6251	323.4151
17.6501	322.51482
17.6751	321.61731
17.7001	320.72258
17.7251	319.83063
17.7501	318.94149
17.7751	318.05515
17.8001	317.17164
17.8251	316.29097
17.8501	315.41315
17.8751	314.53819
17.9001	313.66613
17.9251	312.79698
17.9501	311.93075
17.9751	311.0675
18.0001	310.20756
18.0251	309.35129
18.0501	308.49914
18.0751	307.65225
18.1001	306.81855
18.1251	305.97394
18.1501	305.13255
18.1751	304.29444
18.2001	303.45968
18.2251	302.62833
18.2501	301.80046
18.2751	300.97616
18.3001	300.15553
18.3251	299.33866
18.3501	298.52568
18.3751	297.71671
18.4001	296.9119
18.4251	296.11141
18.4501	295.31543
18.4751	294.52417
18.5001	293.73786
18.5251	292.95676
18.5501	292.1812
18.5751	291.4115
18.6001	290.64808
18.6251	289.89139
18.6501	289.14196
18.6751	288.4004
18.7001	287.66744
18.7251	286.94391
18.7501	286.23078
18.7751	285.52923
18.8001	284.84064
18.8251	284.16664
18.8501	283.50924
18.8751	282.87083
18.9001	282.25435
18.9251	281.66341
18.9501	281.10252
18.9751	280.5773
19.0001	280.0949
19.0251	279.66449
19.0501	279.29798
19.0751	279.01111
19.1001	278.82495
19.1251	278.76831
19.1501	278.88131
19.1751	279.22135
19.2001	279.87301
19.2251	280.96574
19.2501	282.7055
19.2751	285.42867
19.3001	289.68
19.3251	296.2763
19.3501	306.22798
19.3751	320.46008
19.4001	339.45474
19.4251	362.40355
19.4501	385.1138
19.4751	397.74263
19.5001	391.26207
19.5251	370.36778
19.5501	344.42948
19.5751	320.25776
19.6001	301.832
19.6251	289.11195
19.6501	280.49767
19.6751	274.51513
19.7001	270.16497
19.7251	266.8419
19.7501	264.19164
19.7751	262.0022
19.8001	260.14026
19.8251	258.51783
19.8501	257.07466
19.8751	255.76834
19.9001	254.56838
19.9251	253.45239
19.9501	252.40368
19.9751	251.40958
20.0001	250.46035
20.0251	249.5484
20.0501	248.66775
20.0751	247.81365
20.1001	246.98225
20.1251	246.17046
20.1501	245.37573
20.1751	244.59595
20.2001	243.82939
20.2251	243.0746
20.2501	242.33033
20.2751	241.59556
20.3001	240.8694
20.3251	240.15111
20.3501	239.44002
20.3751	238.73558
20.4001	238.03732
20.4251	237.34479
20.4501	236.65765
20.4751	235.97555
20.5001	235.29823
20.5251	234.62543
20.5501	233.95694
20.5751	233.29254
20.6001	232.63208
20.6251	231.97539
20.6501	231.32234
20.6751	230.67281
20.7001	230.02667
20.7251	229.3844
20.7501	228.74722
20.7751	228.11662
20.8001	227.50086
20.8251	226.88732
20.8501	226.26015
20.8751	225.63587
20.9001	225.01444
20.9251	224.39581
20.9501	223.77994
20.9751	223.1668
21.0001	222.55636
21.0251	221.9486
21.0501	221.34348
21.0751	220.74152
21.1001	220.14356
21.1251	219.55092
21.1501	218.97241
21.1751	218.38617
21.2001	217.79686
21.2251	217.21011
21.2501	216.62593
21.2751	216.04432
21.3001	215.46529
21.3251	214.88883
21.3501	214.31497
21.3751	213.7437
21.4001	213.17504
21.4251	212.60901
21.4501	212.04562
21.4751	211.48491
21.5001	210.92688
21.5251	210.37158
21.5501	209.81903
21.5751	209.26926
21.6001	208.72233
21.6251	208.17826
21.6501	207.63712
21.6751	207.09894
21.7001	206.5638
21.7251	206.03176
21.7501	205.50288
21.7751	204.97726
21.8001	204.45497
21.8251	203.93611
21.8501	203.42079
21.8751	202.90912
21.9001	202.40124
21.9251	201.89729
21.9501	201.39742
21.9751	200.90181
22.0001	200.41065
22.0251	199.92416
22.0501	199.44257
22.0751	198.96616
22.1001	198.49523
22.1251	198.03009
22.1501	197.57114
22.1751	197.11879
22.2001	196.6735
22.2251	196.23583
22.2501	195.80636
22.2751	195.3858
22.3001	194.97492
22.3251	194.57462
22.3501	194.18594
22.3751	193.81006
22.4001	193.44834
22.4251	193.1024
22.4501	192.77409
22.4751	192.46558
22.5001	192.17973
22.5251	191.92087
22.5501	191.69391
22.5751	191.50765
22.6001	191.372
22.6251	191.25797
22.6501	191.19691
22.6751	191.19852
22.7001	191.27496
22.7251	191.44154
22.7501	191.71783
22.7751	192.12908
22.8001	192.7084
22.8251	193.49979
22.8501	194.56306
22.8751	195.98121
22.9001	197.87087
22.9251	200.40397
22.9501	203.82526
22.9751	208.50781
23.0001	215.09042
23.0251	224.61417
23.0501	238.79253
23.0751	260.21338
23.1001	291.96585
23.1251	336.19514
23.1501	391.62811
23.1751	448.49687
23.2001	483.39688
23.2251	475.08717
23.2501	435.351
23.2751	383.42168
23.3001	329.63171
23.3251	284.85874
23.3501	252.86171
23.3751	231.3049
23.4001	216.81241
23.4251	206.78685
23.4501	199.55974
23.4751	194.1356
23.5001	189.92478
23.5251	186.56434
23.5501	183.81908
23.5751	181.52999
23.6001	179.58616
23.6251	177.90838
23.6501	176.43886
23.6751	175.13472
23.7001	173.96362
23.7251	172.90079
23.7501	171.927
23.7751	171.02719
23.8001	170.18936
23.8251	169.40393
23.8501	168.66312
23.8751	167.96058
23.9001	167.2911
23.9251	166.65036
23.9501	166.03475
23.9751	165.44125
24.0001	164.86728
24.0251	164.31069
24.0501	163.76961
24.0751	163.24247
24.1001	162.72788
24.1251	162.22466
24.1501	161.73179
24.1751	161.24836
24.2001	160.77358
24.2251	160.30678
24.2501	159.84733
24.2751	159.3947
24.3001	158.94842
24.3251	158.50805
24.3501	158.07323
24.3751	157.64361
24.4001	157.2189
24.4251	156.79881
24.4501	156.38311
24.4751	155.97159
24.5001	155.56403
24.5251	155.16022
24.5501	154.7599
24.5751	154.36283
24.6001	153.96879
24.6251	153.57742
24.6501	153.18753
24.6751	152.79977
24.7001	152.41881
24.7251	152.04067
24.7501	151.6653
24.7751	151.29261
24.8001	150.92254
24.8251	150.55503
24.8501	150.19005
24.8751	149.82899
24.9001	149.47451
24.9251	149.13161
24.9501	148.82353
24.9751	148.47108
25.0001	148.12092
25.0251	147.77301
25.0501	147.42733
25.0751	147.08387
25.1001	146.74259
25.1251	146.40348
25.1501	146.06653
25.1751	145.73172
25.2001	145.39905
25.2251	145.0685
25.2501	144.74008
25.2751	144.41376
25.3001	144.08956
25.3251	143.76747
25.3501	143.44749
25.3751	143.12963
25.4001	142.81388
25.4251	142.50026
25.4501	142.18877
25.4751	141.87942
25.5001	141.57223
25.5251	141.2672
25.5501	140.96436
25.5751	140.66373
25.6001	140.36536
25.6251	140.07109
25.6501	139.78363
25.6751	139.51543
25.7001	139.24346
25.7251	138.95689
25.7501	138.67271
25.7751	138.39097
25.8001	138.1117
25.8251	137.83496
25.8501	137.56078
25.8751	137.28922
25.9001	137.02033
25.9251	136.75419
25.9501	136.49084
25.9751	136.23036
26.0001	135.97283
26.0251	135.71833
26.0501	135.46694
26.0751	135.21876
26.1001	134.9739
26.1251	134.73245
26.1501	134.49447
26.1751	134.25999
26.2001	134.02907
26.2251	133.80175
26.2501	133.57785
26.2751	133.35575
26.3001	133.13986
26.3251	132.93105
26.3501	132.72717
26.3751	132.52844
26.4001	132.33514
26.4251	132.14757
26.4501	131.96604
26.4751	131.79091
26.5001	131.62255
26.5251	131.4614
26.5501	131.30793
26.5751	131.16429
26.6001	131.03457
26.6251	130.93169
26.6501	130.84028
26.6751	130.73442
26.7001	130.64026
26.7251	130.55876
26.7501	130.49101
26.7751	130.43821
26.8001	130.40173
26.8251	130.38311
26.8501	130.38408
26.8751	130.40664
26.9001	130.45303
26.9251	130.52587
26.9501	130.62811
26.9751	130.76321
27.0001	130.93516
27.0251	131.14859
27.0501	131.40896
27.0751	131.72268
27.1001	132.09735
27.1251	132.54203
27.1501	133.06757
27.1751	133.68713
27.2001	134.41669
27.2251	135.27593
27.2501	136.28923
27.2751	137.48714
27.3001	138.90836
27.3251	140.60248
27.3501	142.63398
27.3751	145.08786
27.4001	148.07811
27.4251	151.76043
27.4501	156.35361
27.4751	162.17023
27.5001	169.67807
27.5251	179.54914
27.5501	192.87893
27.5751	211.52027
27.6001	238.571
27.6251	279.03993
27.6501	339.81363
27.6751	426.83981
27.7001	537.88609
27.7251	651.12999
27.7501	717.70779
27.7751	703.00265
27.8001	639.98945
27.8251	561.58902
27.8501	473.08238
27.8751	391.62825
27.9001	332.76743
27.9251	298.00682
27.9501	283.90276
27.9751	288.44104
28.0001	312.47625
28.0251	357.89934
28.0501	422.44759
28.0751	491.69936
28.1001	533.1413
28.1251	521.05575
28.1501	475.29571
28.1751	419.24113
28.2001	355.61258
28.2251	294.39282
28.2501	246.40704
28.2751	212.67407
28.3001	189.70671
28.3251	173.90236
28.3501	162.66454
28.3751	154.35785
28.4001	148.00365
28.4251	143.01044
28.4501	138.99985
28.4751	135.75283
28.5001	133.02571
28.5251	130.72892
28.5501	128.77161
28.5751	127.08628
28.6001	125.62188
28.6251	124.33927
28.6501	123.20798
28.6751	122.20404
28.7001	121.3084
28.7251	120.50573
28.7501	119.78365
28.7751	119.13204
28.8001	118.54264
28.8251	118.00862
28.8501	117.52436
28.8751	117.08522
28.9001	116.68736
28.9251	116.32765
28.9501	116.00352
28.9751	115.71292
29.0001	115.45424
29.0251	115.22627
29.0501	115.02815
29.0751	114.85938
29.1001	114.71977
29.1251	114.60945
29.1501	114.52886
29.1751	114.47877
29.2001	114.46028
29.2251	114.47485
29.2501	114.52438
29.2751	114.61269
29.3001	114.74554
29.3251	114.93857
29.3501	115.15625
29.3751	115.42608
29.4001	115.75373
29.4251	116.14596
29.4501	116.61081
29.4751	117.15788
29.5001	117.79872
29.5251	118.54722
29.5501	119.42024
29.5751	120.43832
29.6001	121.62671
29.6251	123.01668
29.6501	124.6473
29.6751	126.56785
29.7001	128.84119
29.7251	131.54844
29.7501	134.79572
29.7751	138.72386
29.8001	143.52286
29.8251	149.45381
29.8501	156.88294
29.8751	166.33634
29.9001	178.59203
29.9251	194.84369
29.9501	217.00632
29.9751	248.28302
30.0001	294.10691
30.0251	363.24485
30.0501	467.54203
30.0751	616.20768
30.1001	800.80815
30.1251	973.48925
30.1501	1047.95868
30.1751	995.61136
30.2001	890.04113
30.2251	768.25346
30.2501	625.95299
30.2751	488.17891
30.3001	380.6187
30.3251	305.45388
30.3501	254.72241
30.3751	220.22305
30.4001	196.03718
30.4251	178.43808
30.4501	165.19741
30.4751	154.96698
30.5001	146.89227
30.5251	140.40455
30.5501	135.11099
30.5751	130.73282
30.6001	127.06788
30.6251	123.96676
30.6501	121.31722
30.6751	119.03365
30.7001	117.04985
30.7251	115.31402
30.7501	113.78514
30.7751	112.43041
30.8001	111.22335
30.8251	110.1424
30.8501	109.16987
30.8751	108.29114
30.9001	107.49403
30.9251	106.76836
30.9501	106.10555
30.9751	105.49832
31.0001	104.94053
31.0251	104.42689
31.0501	103.95288
31.0751	103.51463
31.1001	103.10883
31.1251	102.73408
31.1501	102.39081
31.1751	102.08891
31.2001	101.78779
31.2251	101.5081
31.2501	101.24849
31.2751	101.00783
31.3001	100.78521
31.3251	100.57994
31.3501	100.39161
31.3751	100.22061
31.4001	100.06989
31.4251	99.95092
31.4501	99.8428
31.4751	99.75219
31.5001	99.68919
31.5251	99.65234
31.5501	99.62793
31.5751	99.5883
31.6001	99.52021
31.6251	99.44709
31.6501	99.38487
31.6751	99.33048
31.7001	99.28924
31.7251	99.27199
31.7501	99.28249
31.7751	99.31984
31.8001	99.38261
31.8251	99.47014
31.8501	99.58277
31.8751	99.72162
31.9001	99.88849
31.9251	100.08571
31.9501	100.31616
31.9751	100.58331
32.0001	100.89127
32.0251	101.24494
32.0501	101.65011
32.0751	102.11367
32.1001	102.64387
32.1251	103.2506
32.1501	103.9458
32.1751	104.744
32.2001	105.66301
32.2251	106.72479
32.2501	107.95674
32.2751	109.39336
32.3001	111.07854
32.3251	113.06882
32.3501	115.438
32.3751	118.28388
32.4001	121.73811
32.4251	125.98125
32.4501	131.26594
32.4751	137.95419
32.5001	146.57949
32.5251	157.957
32.5501	173.38956
32.5751	195.05434
32.6001	226.65755
32.6251	274.24003
32.6501	346.1757
32.6751	449.41395
32.7001	577.97149
32.7251	695.97943
32.7501	741.90802
32.7751	702.4069
32.8001	634.64363
32.8251	562.65959
32.8501	474.46494
32.8751	380.84883
32.9001	303.39244
32.9251	247.88552
32.9501	210.22848
32.9751	184.83422
33.0001	167.34455
33.0251	154.91632
33.0501	145.8317
33.0751	139.04863
33.1001	133.96934
33.1251	130.16419
33.1501	127.35194
33.1751	125.34631
33.2001	124.02327
33.2251	123.30449
33.2501	123.14791
33.2751	123.54414
33.3001	124.52037
33.3251	126.1013
33.3501	128.3728
33.3751	131.46855
33.4001	135.57615
33.4251	140.96543
33.4501	148.04329
33.4751	157.42185
33.5001	170.00566
33.5251	187.25863
33.5501	211.6226
33.5751	247.2612
33.6001	301.02694
33.6251	382.69051
33.6501	501.23205
33.6751	651.96446
33.7001	795.61557
33.7251	858.97225
33.7501	817.87851
33.7751	738.98963
33.8001	658.70402
33.8251	560.67094
33.8501	449.75463
33.8751	353.07278
33.9001	281.87931
33.9251	232.93494
33.9501	199.69454
33.9751	176.66507
34.0001	160.14387
34.0251	147.86204
34.0501	138.45765
34.0751	131.08646
34.1001	125.19805
34.1251	120.41756
34.1501	116.48152
34.1751	113.20023
34.2001	110.43442
34.2251	108.07995
34.2501	106.05783
34.2751	104.30719
34.3001	102.78058
34.3251	101.44054
34.3501	100.25718
34.3751	99.20645
34.4001	98.26877
34.4251	97.42812
34.4501	96.67125
34.4751	95.98716
34.5001	95.36661
34.5251	94.80185
34.5501	94.2863
34.5751	93.81436
34.6001	93.38124
34.6251	92.98253
34.6501	92.61339
34.6751	92.26946
34.7001	91.94358
34.7251	91.62919
34.7501	91.35976
34.7751	91.10956
34.8001	90.87701
34.8251	90.66074
34.8501	90.45952
34.8751	90.27228
34.9001	90.09806
34.9251	89.93605
34.9501	89.78548
34.9751	89.64569
35.0001	89.51538
35.0251	89.39322
35.0501	89.27699
35.0751	89.15592
35.1001	89.06327
35.1251	88.97901
35.1501	88.90292
35.1751	88.83486
35.2001	88.77471
35.2251	88.72242
35.2501	88.67797
35.2751	88.64139
35.3001	88.61277
35.3251	88.59223
35.3501	88.57997
35.3751	88.57622
35.4001	88.5813
35.4251	88.59556
35.4501	88.61802
35.4751	88.64657
35.5001	88.67694
35.5251	88.68671
35.5501	88.75612
35.5751	88.83888
35.6001	88.93613
35.6251	89.04921
35.6501	89.18082
35.6751	89.33654
35.7001	89.52341
35.7251	89.71822
35.7501	89.93964
35.7751	90.19109
35.8001	90.4766
35.8251	90.80098
35.8501	91.16999
35.8751	91.59055
35.9001	92.07107
35.9251	92.62183
35.9501	93.25547
35.9751	93.9877
36.0001	94.83821
36.0251	95.83197
36.0501	97.00096
36.0751	98.38669
36.1001	100.04381
36.1251	102.04534
36.1501	104.49058
36.1751	107.51715
36.2001	111.31993
36.2251	116.18205
36.2501	122.52808
36.2751	131.02165
36.3001	142.75089
36.3251	159.56359
36.3501	184.5608
36.3751	222.45845
36.4001	278.62638
36.4251	353.94226
36.4501	433.45939
36.4751	480.13711
36.5001	469.01122
36.5251	429.5122
36.5501	393.06602
36.5751	353.98072
36.6001	302.15899
36.6251	248.10304
36.6501	204.2527
36.6751	172.91615
36.7001	151.4967
36.7251	136.84433
36.7501	126.5534
36.7751	119.06417
36.8001	113.43142
36.8251	109.08174
36.8501	105.6523
36.8751	102.90184
36.9001	100.66357
36.9251	98.81896
36.9501	97.28183
36.9751	95.9884
37.0001	94.89069
37.0251	93.95204
37.0501	93.14405
37.0751	92.44437
37.1001	91.83331
37.1251	91.29406
37.1501	90.8076
37.1751	90.35683
37.2001	89.99518
37.2251	89.67576
37.2501	89.39338
37.2751	89.1437
37.3001	88.92311
37.3251	88.72858
37.3501	88.55753
37.3751	88.40783
37.4001	88.27767
37.4251	88.16553
37.4501	88.07016
37.4751	87.99051
37.5001	87.92574
37.5251	87.87519
37.5501	87.83834
37.5751	87.81483
37.6001	87.80445
37.6251	87.80713
37.6501	87.8229
37.6751	87.85196
37.7001	87.89465
37.7251	87.95145
37.7501	88.023
37.7751	88.11011
37.8001	88.21381
37.8251	88.33534
37.8501	88.47618
37.8751	88.63836
37.9001	88.82507
37.9251	89.03738
37.9501	89.27731
37.9751	89.54976
38.0001	89.85911
38.0251	90.21064
38.0501	90.61072
38.0751	91.06713
38.1001	91.58916
38.1251	92.18636
38.1501	92.87039
38.1751	93.6387
38.2001	94.57385
38.2251	95.67494
38.2501	96.97894
38.2751	98.53726
38.3001	100.41872
38.3251	102.71709
38.3501	105.56261
38.3751	109.14015
38.4001	113.71907
38.4251	119.70483
38.4501	127.73445
38.4751	138.85785
38.5001	154.85972
38.5251	178.70866
38.5501	214.8081
38.5751	267.83143
38.6001	337.27202
38.6251	406.19113
38.6501	438.87794
38.6751	420.30846
38.7001	383.86442
38.7251	354.7027
38.7501	324.28873
38.7751	281.17997
38.8001	233.80811
38.8251	194.2891
38.8501	165.65618
38.8751	145.96734
38.9001	132.48398
38.9251	123.03024
38.9501	116.16789
38.9751	111.01834
39.0001	107.04884
39.0251	103.92396
39.0501	101.42429
39.0751	99.4037
39.1001	97.72917
39.1251	96.33232
39.1501	95.15011
39.1751	94.11731
39.2001	93.27088
39.2251	92.54356
39.2501	91.91507
39.2751	91.36939
39.3001	90.89379
39.3251	90.47811
39.3501	90.11431
39.3751	89.79615
39.4001	89.5191
39.4251	89.28048
39.4501	89.07939
39.4751	88.91586
39.5001	88.78683
39.5251	88.67791
39.5501	88.56116
39.5751	88.42341
39.6001	88.28726
39.6251	88.17065
39.6501	88.06688
39.6751	87.96523
39.7001	87.86952
39.7251	87.78841
39.7501	87.72406
39.7751	87.67265
39.8001	87.62874
39.8251	87.58304
39.8501	87.55523
39.8751	87.54975
39.9001	87.55246
39.9251	87.5632
39.9501	87.5818
39.9751	87.60807
40.0001	87.64213
40.0251	87.68409
40.0501	87.73415
40.0751	87.79259
40.1001	87.85978
40.1251	87.93619
40.1501	88.02237
40.1751	88.11901
40.2001	88.22689
40.2251	88.34697
40.2501	88.48036
40.2751	88.62835
40.3001	88.79247
40.3251	88.97453
40.3501	89.17664
40.3751	89.40129
40.4001	89.65159
40.4251	89.9315
40.4501	90.24393
40.4751	90.59467
40.5001	90.98985
40.5251	91.43694
40.5501	91.94512
40.5751	92.52573
40.6001	93.19297
40.6251	93.96472
40.6501	94.86381
40.6751	95.9197
40.7001	97.17095
40.7251	98.66875
40.7501	100.48204
40.7751	102.70333
40.8001	105.46198
40.8251	108.93745
40.8501	113.4385
40.8751	119.40925
40.9001	127.52749
40.9251	138.96305
40.9501	155.69499
40.9751	180.86511
41.0001	218.58947
41.0251	271.53186
41.0501	333.24744
41.0751	378.95537
41.1001	380.90677
41.1251	351.21362
41.1501	323.06069
41.1751	303.37263
41.2001	278.2646
41.2251	241.51784
41.2501	203.30316
41.2751	172.49348
41.3001	150.42845
41.3251	135.2556
41.3501	124.79915
41.3751	117.40044
41.4001	111.9809
41.4251	107.88311
41.4501	104.70518
41.4751	102.19085
41.5001	100.16859
41.5251	98.51912
41.5501	97.1572
41.5751	96.02058
41.6001	95.06296
41.6251	94.24936
41.6501	93.55292
41.6751	92.95281
41.7001	92.4326
41.7251	91.97926
41.7501	91.58229
41.7751	91.23319
41.8001	90.92502
41.8251	90.65205
41.8501	90.40952
41.8751	90.19347
41.9001	90.00062
41.9251	89.82777
41.9501	89.67068
41.9751	89.52336
42.0001	89.37972
42.0251	89.26766
42.0501	89.16682
42.0751	89.07604
42.1001	88.9944
42.1251	88.92175
42.1501	88.85592
42.1751	88.7965
42.2001	88.74319
42.2251	88.69546
42.2501	88.65282
42.2751	88.61485
42.3001	88.58117
42.3251	88.55143
42.3501	88.52535
42.3751	88.50283
42.4001	88.48381
42.4251	88.46705
42.4501	88.45297
42.4751	88.44137
42.5001	88.43209
42.5251	88.42497
42.5501	88.41987
42.5751	88.41665
42.6001	88.41522
42.6251	88.41685
42.6501	88.42914
42.6751	88.43246
42.7001	88.43717
42.7251	88.44318
42.7501	88.45043
42.7751	88.45885
42.8001	88.46837
42.8251	88.47894
42.8501	88.49051
42.8751	88.50302
42.9001	88.51644
42.9251	88.53071
42.9501	88.54581
42.9751	88.56169
43.0001	88.57832
43.0251	88.59567
43.0501	88.61371
43.0751	88.63242
43.1001	88.65176
43.1251	88.67171
43.1501	88.69226
43.1751	88.71337
43.2001	88.73505
43.2251	88.75725
43.2501	88.78013
43.2751	88.80488
43.3001	88.82875
43.3251	88.85297
43.3501	88.87765
43.3751	88.90279
43.4001	88.92837
43.4251	88.9544
43.4501	88.98086
43.4751	89.00774
43.5001	89.03505
43.5251	89.06277
43.5501	89.0909
43.5751	89.11944
43.6001	89.14739
43.6251	89.17223
43.6501	89.18755
43.6751	89.20742
43.7001	89.2382
43.7251	89.26938
43.7501	89.30097
43.7751	89.33298
43.8001	89.36541
43.8251	89.39826
43.8501	89.43155
43.8751	89.46529
43.9001	89.49948
43.9251	89.53414
43.9501	89.56928
43.9751	89.60491
44.0001	89.64106
44.0251	89.67775
44.0501	89.71498
44.0751	89.75281
44.1001	89.79152
44.1251	89.83155
44.1501	89.87124
44.1751	89.91009
44.2001	89.94451
44.2251	89.96812
44.2501	90.01118
44.2751	90.05513
44.3001	90.10004
44.3251	90.14597
44.3501	90.19301
44.3751	90.24125
44.4001	90.29078
44.4251	90.34172
44.4501	90.3942
44.4751	90.44837
44.5001	90.50439
44.5251	90.56245
44.5501	90.62277
44.5751	90.68562
44.6001	90.75129
44.6251	90.82151
44.6501	90.90424
44.6751	90.98077
44.7001	91.06191
44.7251	91.14834
44.7501	91.24087
44.7751	91.34048
44.8001	91.44839
44.8251	91.56608
44.8501	91.69539
44.8751	91.83865
44.9001	91.99894
44.9251	92.18217
44.9501	92.39135
44.9751	92.63016
45.0001	92.91007
45.0251	93.24321
45.0501	93.64658
45.0751	94.1445
45.1001	94.77288
45.1251	95.58671
45.1501	96.67431
45.1751	98.18352
45.2001	100.3626
45.2251	103.60078
45.2501	108.39902
45.2751	115.06219
45.3001	122.70938
45.3251	128.07371
45.3501	127.78544
45.3751	123.73952
45.4001	120.22582
45.4251	118.40432
45.4501	116.61705
45.4751	113.18237
45.5001	108.70312
45.5251	104.66202
45.5501	101.62595
45.5751	99.52615
45.6001	98.11453
45.6251	97.16442
45.6501	96.5166
45.6751	96.07109
45.7001	95.7673
45.7251	95.56789
45.7501	95.44891
45.7751	95.39457
45.8001	95.39435
45.8251	95.44117
45.8501	95.52874
45.8751	95.64909
45.9001	95.80616
45.9251	96.01892
45.9501	96.27896
45.9751	96.60628
46.0001	96.96468
46.0251	97.38464
46.0501	97.87644
46.0751	98.45287
46.1001	99.12883
46.1251	99.92169
46.1501	100.85749
46.1751	101.98015
46.2001	103.34419
46.2251	105.0157
46.2501	107.09558
46.2751	109.72502
46.3001	113.11583
46.3251	117.59292
46.3501	123.677
46.3751	132.24149
46.4001	144.7365
46.4251	163.43467
46.4501	191.22045
46.4751	229.73931
46.5001	273.54504
46.5251	303.22688
46.5501	299.69118
46.5751	274.99505
46.6001	254.03568
46.6251	243.65755
46.6501	234.57642
46.6751	216.05081
46.7001	190.21218
46.7251	165.86535
46.7501	147.13598
46.7751	133.88505
46.8001	124.72938
46.8251	118.33316
46.8501	113.73203
46.8751	110.31068
46.9001	107.69273
46.9251	105.64418
46.9501	104.01467
46.9751	102.69844
47.0001	101.61948
47.0251	100.72752
47.0501	99.9837
47.0751	99.35897
47.1001	98.83138
47.1251	98.38416
47.1501	98.00452
47.1751	97.68275
47.2001	97.41176
47.2251	97.18683
47.2501	97.00582
47.2751	96.86986
47.3001	96.7847
47.3251	96.76201
47.3501	96.81812
47.3751	96.96236
47.4001	97.15969
47.4251	97.28456
47.4501	97.21403
47.4751	97.00414
47.5001	96.82827
47.5251	96.74285
47.5501	96.7001
47.5751	96.61357
47.6001	96.47742
47.6251	96.36346
47.6501	96.30894
47.6751	96.32249
47.7001	96.40563
47.7251	96.56484
47.7501	96.81833
47.7751	97.20348
47.8001	97.78758
47.8251	98.67871
47.8501	100.01859
47.8751	101.90135
47.9001	104.10187
47.9251	105.70342
47.9501	105.66893
47.9751	104.44033
48.0001	103.30851
48.0251	102.7706
48.0501	102.42995
48.0751	101.69376
48.1001	100.48346
48.1251	99.2294
48.1501	98.2226
48.1751	97.50144
48.2001	97.00686
48.2251	96.67426
48.2501	96.43915
48.2751	96.27178
48.3001	96.15044
48.3251	96.06166
48.3501	95.9956
48.3751	95.94257
48.4001	95.89441
48.4251	95.8767
48.4501	95.86414
48.4751	95.85891
48.5001	95.85979
48.5251	95.86586
48.5501	95.87641
48.5751	95.89087
48.6001	95.90882
48.6251	95.9299
48.6501	95.95386
48.6751	95.9805
48.7001	96.00965
48.7251	96.04121
48.7501	96.07509
48.7751	96.11126
48.8001	96.1497
48.8251	96.19041
48.8501	96.23344
48.8751	96.27884
48.9001	96.3267
48.9251	96.37714
48.9501	96.43029
48.9751	96.48633
49.0001	96.54547
49.0251	96.60796
49.0501	96.6741
49.0751	96.74424
49.1001	96.8188
49.1251	96.89828
49.1501	96.98327
49.1751	97.0745
49.2001	97.17283
49.2251	97.27933
49.2501	97.3953
49.2751	97.52237
49.3001	97.66261
49.3251	97.81864
49.3501	97.99389
49.3751	98.19288
49.4001	98.42171
49.4251	98.68878
49.4501	99.00595
49.4751	99.39054
49.5001	99.87104
49.5251	100.49079
49.5501	101.309
49.5751	102.44618
49.6001	104.08436
49.6251	106.41603
49.6501	109.54451
49.6751	112.99594
49.7001	115.26232
49.7251	115.06136
49.7501	113.45123
49.7751	112.24577
49.8001	111.99483
49.8251	112.13486
49.8501	111.77202
49.8751	110.77773
49.9001	109.80665
49.9251	109.35152
49.9501	109.54351
49.9751	110.38116
50.0001	111.87666
50.0251	114.1183
50.0501	117.31297
50.0751	121.85017
50.1001	128.41634
50.1251	138.15144
50.1501	152.74594
50.1751	174.07076
50.2001	202.2685
50.2251	230.86416
50.2501	244.39723
50.2751	234.90597
50.3001	216.14645
50.3251	202.98695
50.3501	197.85205
50.3751	194.17436
50.4001	184.01542
50.4251	167.58608
50.4501	150.95079
50.4751	137.69005
50.5001	128.16585
50.5251	121.57657
50.5501	117.02404
50.5751	113.82482
50.6001	111.53372
50.6251	109.88194
50.6501	108.71268
50.6751	107.93965
50.7001	107.52776
50.7251	107.49208
50.7501	107.92477
50.7751	108.93853
50.8001	110.79558
50.8251	113.75311
50.8501	117.75676
50.8751	121.66596
50.9001	123.08225
50.9251	121.13636
50.9501	118.11413
50.9751	116.08754
51.0001	115.27599
51.0251	114.64238
51.0501	113.00807
51.0751	110.44739
51.1001	107.88186
51.1251	105.83306
51.1501	104.34847
51.1751	103.30638
51.2001	102.57171
51.2251	102.04137
51.2501	101.64737
51.2751	101.34742
51.3001	101.11513
51.3251	100.93333
51.3501	100.79034
51.3751	100.67791
51.4001	100.59006
51.4251	100.52234
51.4501	100.47145
51.4751	100.43646
51.5001	100.41824
51.5251	100.40485
51.5501	100.40111
51.5751	100.40609
51.6001	100.4191
51.6251	100.43959
51.6501	100.46715
51.6751	100.5015
51.7001	100.54246
51.7251	100.58993
51.7501	100.64391
51.7751	100.70448
51.8001	100.77179
51.8251	100.84609
51.8501	100.92769
51.8751	101.01703
51.9001	101.11462
51.9251	101.22113
51.9501	101.33733
51.9751	101.46418
52.0001	101.60282
52.0251	101.75464
52.0501	101.9213
52.0751	102.10484
52.1001	102.30776
52.1251	102.53311
52.1501	102.78472
52.1751	103.06735
52.2001	103.3871
52.2251	103.75175
52.2501	104.17148
52.2751	104.6586
52.3001	105.22442
52.3251	105.90457
52.3501	106.73761
52.3751	107.7672
52.4001	109.06785
52.4251	110.75509
52.4501	113.01636
52.4751	116.1633
52.5001	120.69904
52.5251	127.34768
52.5501	136.87272
52.5751	149.20967
52.6001	161.34343
52.6251	166.62587
52.6501	162.27591
52.6751	154.44456
52.7001	149.20138
52.7251	147.6649
52.7501	147.42325
52.7751	144.899
52.8001	139.30426
52.8251	133.04276
52.8501	128.0714
52.8751	124.81785
52.9001	123.0714
52.9251	122.51825
52.9501	122.93077
52.9751	124.19573
53.0001	126.34464
53.0251	129.53328
53.0501	134.08221
53.0751	140.56641
53.1001	149.97271
53.1251	163.88258
53.1501	184.47199
53.1751	213.68823
53.2001	249.97858
53.2251	281.77007
53.2501	289.8176
53.2751	272.6943
53.3001	250.78704
53.3251	238.38215
53.3501	236.1529
53.3751	236.02669
53.4001	228.38138
53.4251	213.0178
53.4501	197.45979
53.4751	186.83859
53.5001	182.45417
53.5251	184.32929
53.5501	192.83581
53.5751	209.46585
53.6001	237.12436
53.6251	279.49776
53.6501	337.67817
53.6751	400.64412
53.7001	436.92178
53.7251	423.05804
53.7501	382.80789
53.7751	351.87945
53.8001	342.62319
53.8251	348.05592
53.8501	350.79992
53.8751	339.3115
53.9001	317.48279
53.9251	289.52217
53.9501	258.54993
53.9751	232.66331
54.0001	217.06396
54.0251	211.46289
54.0501	212.24029
54.0751	214.10841
54.1001	212.82002
54.1251	205.18404
54.1501	191.12335
54.1751	176.40072
54.2001	165.81699
54.2251	159.92813
54.2501	156.48215
54.2751	152.05516
54.3001	145.1855
54.3251	137.54749
54.3501	130.94242
54.3751	125.8753
54.4001	122.15344
54.4251	119.4299
54.4501	117.40306
54.4751	115.8589
54.5001	114.65866
54.5251	113.71437
54.5501	112.96908
54.5751	112.38454
54.6001	111.93441
54.6251	111.60077
54.6501	111.37298
54.6751	111.23848
54.7001	111.19547
54.7251	111.24285
54.7501	111.38261
54.7751	111.6198
54.8001	111.96296
54.8251	112.42464
54.8501	113.02238
54.8751	113.78017
54.9001	114.73056
54.9251	115.91785
54.9501	117.40282
54.9751	119.27042
55.0001	121.64108
55.0251	124.69085
55.0501	128.6866
55.0751	134.05223
55.1001	141.46258
55.1251	151.98427
55.1501	167.15831
55.1751	188.7255
55.2001	217.2142
55.2251	248.48922
55.2501	273.19635
55.2751	289.21253
55.3001	305.41359
55.3251	320.76824
55.3501	321.08529
55.3751	303.71581
55.4001	280.33603
55.4251	259.33677
55.4501	244.47806
55.4751	233.36921
55.5001	218.68076
55.5251	198.21312
55.5501	177.18272
55.5751	159.87848
55.6001	147.09974
55.6251	138.06926
55.6501	131.77065
55.6751	127.39735
55.7001	124.43427
55.7251	122.61965
55.7501	121.8751
55.7751	122.19918
55.8001	123.41803
55.8251	124.68679
55.8501	124.46893
55.8751	122.32524
55.9001	119.66958
55.9251	117.72667
55.9501	116.72293
55.9751	116.21538
56.0001	115.40721
56.0251	113.86998
56.0501	111.99083
56.0751	110.28633
56.1001	108.95012
56.1251	107.93218
56.1501	107.16526
56.1751	106.58301
56.2001	106.12304
56.2251	105.74884
56.2501	105.43717
56.2751	105.1729
56.3001	104.94576
56.3251	104.7484
56.3501	104.57544
56.3751	104.42279
56.4001	104.28728
56.4251	104.16644
56.4501	104.05829
56.4751	103.96121
56.5001	103.87389
56.5251	103.79523
56.5501	103.72432
56.5751	103.66039
56.6001	103.60277
56.6251	103.5509
56.6501	103.50432
56.6751	103.46258
56.7001	103.42534
56.7251	103.39229
56.7501	103.36313
56.7751	103.33759
56.8001	103.31627
56.8251	103.29792
56.8501	103.28233
56.8751	103.26973
56.9001	103.26002
56.9251	103.2531
56.9501	103.24888
56.9751	103.24733
57.0001	103.2484
57.0251	103.25209
57.0501	103.25839
57.0751	103.26737
57.1001	103.27909
57.1251	103.29373
57.1501	103.31153
57.1751	103.33292
57.2001	103.35858
57.2251	103.38946
57.2501	103.4265
57.2751	103.46936
57.3001	103.5133
57.3251	103.55203
57.3501	103.58148
57.3751	103.60962
57.4001	103.64408
57.4251	103.68695
57.4501	103.73655
57.4751	103.7889
57.5001	103.84083
57.5251	103.89391
57.5501	103.95167
57.5751	104.01604
57.6001	104.08748
57.6251	104.16755
57.6501	104.2574
57.6751	104.35054
57.7001	104.45203
57.7251	104.56107
57.7501	104.67903
57.7751	104.80673
57.8001	104.94511
57.8251	105.09519
57.8501	105.2559
57.8751	105.42453
57.9001	105.61878
57.9251	105.83144
57.9501	106.06498
57.9751	106.3224
58.0001	106.60729
58.0251	106.92385
58.0501	107.27648
58.0751	107.66862
58.1001	108.10215
58.1251	108.58209
58.1501	109.12133
58.1751	109.73591
58.2001	110.44162
58.2251	111.25575
58.2501	112.19893
58.2751	113.29808
58.3001	114.59106
58.3251	116.12955
58.3501	117.9815
58.3751	120.23808
58.4001	123.02529
58.4251	126.52193
58.4501	130.98893
58.4751	136.8211
58.5001	144.64188
58.5251	155.46939
58.5501	170.96361
58.5751	193.64683
58.6001	226.73453
58.6251	272.47592
58.6501	326.47316
58.6751	368.38914
58.7001	370.97904
58.7251	338.42034
58.7501	301.40224
58.7751	278.87098
58.8001	272.84803
58.8251	274.9788
58.8501	270.47096
58.8751	250.34539
58.9001	221.27755
58.9251	193.80219
58.9501	172.34097
58.9751	156.8907
59.0001	146.07891
59.0251	138.50312
59.0501	133.10915
59.0751	129.20405
59.1001	126.36007
59.1251	124.3181
59.1501	122.92331
59.1751	122.09013
59.2001	121.78569
59.2251	122.01844
59.2501	122.88527
59.2751	124.53919
59.3001	127.27128
59.3251	131.5818
59.3501	138.25272
59.3751	148.32994
59.4001	162.66645
59.4251	180.281
59.4501	195.19658
59.4751	197.83905
59.5001	187.5898
59.5251	174.39173
59.5501	165.53693
59.5751	162.43856
59.6001	162.94184
59.6251	162.39988
59.6501	156.81487
59.6751	147.29221
59.7001	137.54319
59.7251	129.63829
59.7501	123.81459
59.7751	119.66692
59.8001	116.70852
59.8251	114.55141
59.8501	112.93635
59.8751	111.68439
59.9001	110.69461
59.9251	109.89369
59.9501	109.24467
59.9751	108.7095
60.0001	108.26433
60.0251	107.89155
60.0501	107.57793
60.0751	107.31342
60.1001	107.09021
60.1251	106.90043
60.1501	106.7413
60.1751	106.61149
60.2001	106.50605
60.2251	106.42272
60.2501	106.35999
60.2751	106.31674
60.3001	106.29199
60.3251	106.28355
60.3501	106.29411
60.3751	106.32606
60.4001	106.37811
60.4251	106.4517
60.4501	106.54882
60.4751	106.67213
60.5001	106.82513
60.5251	107.01238
60.5501	107.23983
60.5751	107.51569
60.6001	107.84906
60.6251	108.25392
60.6501	108.74835
60.6751	109.35697
60.7001	110.1139
60.7251	111.06747
60.7501	112.28792
60.7751	113.8809
60.8001	116.01221
60.8251	118.951
60.8501	123.13388
60.8751	129.22639
60.9001	138.0915
60.9251	150.40548
60.9501	165.28231
60.9751	177.69667
61.0001	179.85416
61.0251	171.43056
61.0501	160.59243
61.0751	153.26396
61.1001	150.69235
61.1251	151.40289
61.1501	151.89306
61.1751	148.49962
61.2001	141.32512
61.2251	133.39467
61.2501	126.74492
61.2751	121.81112
61.3001	118.32532
61.3251	115.90775
61.3501	114.21657
61.3751	113.01713
61.4001	112.15504
61.4251	111.54904
61.4501	111.12426
61.4751	110.85647
61.5001	110.73238
61.5251	110.72634
61.5501	110.83279
61.5751	111.05105
61.6001	111.38205
61.6251	111.83923
61.6501	112.43916
61.6751	113.20488
61.7001	114.18295
61.7251	115.42086
61.7501	116.99345
61.7751	119.0085
61.8001	121.62499
61.8251	125.08568
61.8501	129.77608
61.8751	136.32228
61.9001	145.73118
61.9251	159.4788
61.9501	179.3158
61.9751	206.09877
62.0001	236.21197
62.0251	256.87997
62.0501	254.26159
62.0751	233.89933
62.1001	212.73401
62.1251	199.94682
62.1501	196.50103
62.1751	198.71262
62.2001	199.16984
62.2251	191.17637
62.2501	176.11817
62.2751	160.16775
62.3001	146.99407
62.3251	137.24352
62.3501	130.32222
62.3751	125.44999
62.4001	121.98222
62.4251	119.47197
62.4501	117.63672
62.4751	116.30482
62.5001	115.3753
62.5251	114.79422
62.5501	114.54472
62.5751	114.64716
62.6001	115.16887
62.6251	116.24381
62.6501	118.09622
62.6751	121.04728
62.7001	125.44305
62.7251	131.2975
62.7501	137.33745
62.7751	140.35004
62.8001	138.17737
62.8251	133.17024
62.8501	128.74904
62.8751	126.32454
62.9001	125.82474
62.9251	126.2856
62.9501	126.026
62.9751	123.8431
63.0001	120.35396
63.0251	116.8694
63.0501	114.04036
63.0751	111.94119
63.1001	110.43321
63.1251	109.34486
63.1501	108.53662
63.1751	107.92359
63.2001	107.44986
63.2251	107.06783
63.2501	106.74936
63.2751	106.48031
63.3001	106.25358
63.3251	106.0627
63.3501	105.90122
63.3751	105.76306
63.4001	105.64223
63.4251	105.5338
63.4501	105.43587
63.4751	105.34841
63.5001	105.27172
63.5251	105.20439
63.5501	105.14371
63.5751	105.08971
63.6001	105.0415
63.6251	104.99831
63.6501	104.95954
63.6751	104.92592
63.7001	104.8967
63.7251	104.86864
63.7501	104.84345
63.7751	104.82088
63.8001	104.8007
63.8251	104.78272
63.8501	104.76677
63.8751	104.75269
63.9001	104.74035
63.9251	104.72963
63.9501	104.72043
63.9751	104.71265
64.0001	104.70622
64.0251	104.70105
64.0501	104.69709
64.0751	104.69427
64.1001	104.69255
64.1251	104.69189
64.1501	104.69223
64.1751	104.69355
64.2001	104.69668
64.2251	104.69987
64.2501	104.70396
64.2751	104.70893
64.3001	104.71477
64.3251	104.72146
64.3501	104.72901
64.3751	104.7374
64.4001	104.74664
64.4251	104.75674
64.4501	104.76768
64.4751	104.7795
64.5001	104.7922
64.5251	104.8058
64.5501	104.82033
64.5751	104.8358
64.6001	104.85231
64.6251	104.8777
64.6501	104.89832
64.6751	104.91803
64.7001	104.9389
64.7251	104.96099
64.7501	104.98437
64.7751	105.00911
64.8001	105.03531
64.8251	105.063
64.8501	105.08429
64.8751	105.10154
64.9001	105.13482
64.9251	105.17018
64.9501	105.20779
64.9751	105.24785
65.0001	105.29059
65.0251	105.33626
65.0501	105.38517
65.0751	105.43764
65.1001	105.49408
65.1251	105.55491
65.1501	105.62065
65.1751	105.69191
65.2001	105.76938
65.2251	105.85386
65.2501	105.94633
65.2751	106.04792
65.3001	106.15997
65.3251	106.28467
65.3501	106.42559
65.3751	106.58016
65.4001	106.75402
65.4251	106.95074
65.4501	107.17751
65.4751	107.43444
65.5001	107.73137
65.5251	108.07746
65.5501	108.48462
65.5751	108.96861
65.6001	109.55059
65.6251	110.25955
65.6501	111.1446
65.6751	112.23851
65.7001	113.64864
65.7251	115.49771
65.7501	117.99123
65.7751	121.45867
65.8001	126.40836
65.8251	133.54074
65.8501	143.57886
65.8751	156.54342
65.9001	169.93639
65.9251	177.59911
65.9501	175.33811
65.9751	166.98712
66.0001	158.2437
66.0251	152.07238
66.0501	149.53428
66.0751	149.94185
66.1001	150.73316
66.1251	148.74753
66.1501	143.35495
66.1751	136.50977
66.2001	129.93179
66.2251	124.42685
66.2501	120.20527
66.2751	117.11027
66.3001	114.86462
66.3251	113.21672
66.3501	111.98111
66.3751	111.03239
66.4001	110.28816
66.4251	109.69391
66.4501	109.21259
66.4751	108.81825
66.5001	108.49213
66.5251	108.22038
66.5501	107.99257
66.5751	107.80073
66.6001	107.63872
66.6251	107.49806
66.6501	107.36332
66.6751	107.26577
66.7001	107.18393
66.7251	107.12358
66.7501	107.0678
66.7751	107.02284
66.8001	106.98777
66.8251	106.96178
66.8501	106.94425
66.8751	106.93472
66.9001	106.93285
66.9251	106.93846
66.9501	106.95148
66.9751	106.97199
67.0001	107.00018
67.0251	107.03641
67.0501	107.08117
67.0751	107.13518
67.1001	107.19935
67.1251	107.2748
67.1501	107.36287
67.1751	107.46674
67.2001	107.58745
67.2251	107.72382
67.2501	107.87701
67.2751	108.06411
67.3001	108.28512
67.3251	108.54788
67.3501	108.86278
67.3751	109.24373
67.4001	109.70995
67.4251	110.28863
67.4501	111.01531
67.4751	111.95115
67.5001	113.18944
67.5251	114.86626
67.5501	117.207
67.5751	120.55407
67.6001	125.36657
67.6251	132.08481
67.6501	140.59935
67.6751	148.99767
67.7001	152.9648
67.7251	149.93592
67.7501	143.13308
67.7751	136.96337
67.8001	133.32049
67.8251	132.32518
67.8501	133.22984
67.8751	134.40527
67.9001	133.68385
67.9251	130.30845
67.9501	125.68501
67.9751	121.3652
68.0001	117.95489
68.0251	115.45821
68.0501	113.66418
68.0751	112.37549
68.1001	111.43175
68.1251	110.72312
68.1501	110.17855
68.1751	109.75261
68.2001	109.415
68.2251	109.14465
68.2501	108.92719
68.2751	108.75204
68.3001	108.61144
68.3251	108.49667
68.3501	108.40013
68.3751	108.33526
68.4001	108.29074
68.4251	108.26619
68.4501	108.26497
68.4751	108.28584
68.5001	108.33935
68.5251	108.4278
68.5501	108.56324
68.5751	108.74562
68.6001	108.94249
68.6251	109.07091
68.6501	109.06785
68.6751	108.98696
68.7001	108.92293
68.7251	108.92342
68.7501	108.99849
68.7751	109.1421
68.8001	109.33485
68.8251	109.54637
68.8501	109.77033
68.8751	110.05898
68.9001	110.49627
68.9251	111.16533
68.9501	112.13165
68.9751	113.37806
69.0001	114.63346
69.0251	115.28017
69.0501	114.91917
69.0751	113.99653
69.1001	113.14656
69.1251	112.66575
69.1501	112.57463
69.1751	112.79139
69.2001	113.11482
69.2251	113.23868
69.2501	112.98515
69.2751	112.50506
69.3001	112.04596
69.3251	111.73211
69.3501	111.58417
69.3751	111.58494
69.4001	111.71325
69.4251	111.95614
69.4501	112.31225
69.4751	112.79258
69.5001	113.42195
69.5251	114.24331
69.5501	115.32673
69.5751	116.78559
69.6001	118.78914
69.6251	121.56664
69.6501	125.3709
69.6751	130.26791
69.7001	135.6186
69.7251	139.63603
69.7501	140.91948
69.7751	140.84445
69.8001	142.03241
69.8251	146.12574
69.8501	153.63217
69.8751	163.56734
69.9001	172.1008
69.9251	173.56805
69.9501	166.95803
69.9751	157.3042
70.0001	149.20706
70.0251	144.33421
70.0501	142.62042
70.0751	143.09203
70.1001	143.82832
70.1251	142.49478
70.1501	138.47247
70.1751	133.37372
70.2001	128.77473
70.2251	125.26935
70.2501	122.85333
70.2751	121.3469
70.3001	120.58374
70.3251	120.47283
70.3501	120.99934
70.3751	122.17267
70.4001	123.87503
70.4251	125.56976
70.4501	126.28168
70.4751	125.62801
70.5001	124.42743
70.5251	123.57964
70.5501	123.45989
70.5751	124.11997
70.6001	125.47655
70.6251	127.30873
70.6501	129.27321
70.6751	131.26171
70.7001	133.75003
70.7251	137.53029
70.7501	143.44872
70.7751	152.4778
70.8001	165.71222
70.8251	183.81376
70.8501	205.17116
70.8751	222.93455
70.9001	227.06025
70.9251	215.91445
70.9501	198.65828
70.9751	184.08982
71.0001	175.67121
71.0251	173.47443
71.0501	175.82403
71.0751	179.16582
71.1001	178.57507
71.1251	171.62081
71.1501	160.74043
71.1751	149.72864
71.2001	140.59965
71.2251	133.69774
71.2501	128.66746
71.2751	125.0182
71.3001	122.33117
71.3251	120.30424
71.3501	118.73603
71.3751	117.49567
71.4001	116.49691
71.4251	115.68093
71.4501	115.00619
71.4751	114.44247
71.5001	113.96873
71.5251	113.56512
71.5501	113.22002
71.5751	112.9233
71.6001	112.66696
71.6251	112.44471
71.6501	112.25149
71.6751	112.08325
71.7001	111.93676
71.7251	111.81116
71.7501	111.70283
71.7751	111.60882
71.8001	111.53017
71.8251	111.4671
71.8501	111.42063
71.8751	111.39217
71.9001	111.38164
71.9251	111.38226
71.9501	111.37442
71.9751	111.3365
72.0001	111.27353
72.0251	111.20952
72.0501	111.15982
72.0751	111.12817
72.1001	111.11307
72.1251	111.11011
72.1501	111.11079
72.1751	111.10389
72.2001	111.08692
72.2251	111.06336
72.2501	111.04319
72.2751	111.02987
72.3001	111.02355
72.3251	111.02319
72.3501	111.0285
72.3751	111.03806
72.4001	111.04454
72.4251	111.05881
72.4501	111.07507
72.4751	111.09361
72.5001	111.11451
72.5251	111.13735
72.5501	111.16202
72.5751	111.18849
72.6001	111.2167
72.6251	111.24663
72.6501	111.27826
72.6751	111.31161
72.7001	111.34667
72.7251	111.38346
72.7501	111.42201
72.7751	111.46235
72.8001	111.50453
72.8251	111.54861
72.8501	111.59465
72.8751	111.64272
72.9001	111.69291
72.9251	111.74532
72.9501	111.80004
72.9751	111.85994
73.0001	111.91971
73.0251	111.98222
73.0501	112.04763
73.0751	112.11614
73.1001	112.18797
73.1251	112.26335
73.1501	112.34256
73.1751	112.42589
73.2001	112.51633
73.2251	112.60899
73.2501	112.70692
73.2751	112.81063
73.3001	112.92066
73.3251	113.03764
73.3501	113.16253
73.3751	113.30085
73.4001	113.4435
73.4251	113.59671
73.4501	113.76176
73.4751	113.94015
73.5001	114.13363
73.5251	114.34429
73.5501	114.57461
73.5751	114.82756
73.6001	115.10672
73.6251	115.41649
73.6501	115.76224
73.6751	116.1507
73.7001	116.59028
73.7251	117.09174
73.7501	117.66897
73.7751	118.34016
73.8001	119.12964
73.8251	120.07052
73.8501	121.20912
73.8751	122.6123
73.9001	124.37996
73.9251	126.66491
73.9501	129.69903
73.9751	133.81488
74.0001	139.4303
74.0251	146.89695
74.0501	156.0209
74.0751	165.11394
74.1001	171.08743
74.1251	173.02294
74.1501	173.95129
74.1751	176.55356
74.2001	180.23919
74.2251	182.64504
74.2501	183.75284
74.2751	186.15162
74.3001	191.49288
74.3251	200.01799
74.3501	212.44784
74.3751	229.43058
74.4001	247.4563
74.4251	256.51507
74.4501	248.62893
74.4751	229.30717
74.5001	209.67297
74.5251	195.76662
74.5501	188.85148
74.5751	188.07026
74.6001	191.21731
74.6251	194.50105
74.6501	193.42044
74.6751	186.21987
74.7001	175.82629
74.7251	166.1858
74.7501	159.32917
74.7751	155.71731
74.8001	155.0804
74.8251	156.60756
74.8501	158.62903
74.8751	158.55748
74.9001	154.84839
74.9251	149.06116
74.9501	143.65229
74.9751	139.80488
75.0001	137.69982
75.0251	137.11381
75.0501	137.60964
75.0751	138.35616
75.1001	138.18813
75.1251	136.52303
75.1501	133.99385
75.1751	131.54732
75.2001	129.66835
75.2251	128.45052
75.2501	127.83617
75.2751	127.74692
75.3001	128.13513
75.3251	129.00229
75.3501	130.40871
75.3751	132.48894
75.4001	135.48187
75.4251	139.77745
75.4501	145.96264
75.4751	154.80978
75.5001	167.05749
75.5251	182.60875
75.5501	198.61903
75.5751	208.0041
75.6001	204.79934
75.6251	192.57566
75.6501	179.40758
75.6751	169.85916
75.7001	165.01424
75.7251	164.52797
75.7501	167.36916
75.7751	171.42843
75.8001	173.27495
75.8251	170.34037
75.8501	163.8321
75.8751	156.92895
75.9001	151.7294
75.9251	148.99299
75.9501	148.92916
75.9751	151.66046
76.0001	157.22507
76.0251	165.00772
76.0501	172.49349
76.0751	175.08384
76.1001	170.50104
76.1251	162.08871
76.1501	154.20029
76.1751	148.80128
76.2001	146.19932
76.2251	146.08442
76.2501	147.7639
76.2751	149.86198
76.3001	150.34694
76.3251	148.09151
76.3501	144.12939
76.3751	140.04693
76.4001	136.3909
76.4251	132.99772
76.4501	129.91317
76.4751	127.38578
76.5001	125.50122
76.5251	124.19153
76.5501	123.34668
76.5751	122.85159
76.6001	122.56403
76.6251	122.26792
76.6501	121.77514
76.6751	121.09853
76.7001	120.39664
76.7251	119.78686
76.7501	119.30318
76.7751	118.93613
76.8001	118.66386
76.8251	118.46536
76.8501	118.32444
76.8751	118.22991
76.9001	118.17417
76.9251	118.15144
76.9501	118.15733
76.9751	118.19087
77.0001	118.25494
77.0251	118.35366
77.0501	118.49151
77.0751	118.67406
77.1001	118.909
77.1251	119.20617
77.1501	119.58165
77.1751	120.05499
77.2001	120.65555
77.2251	121.42801
77.2501	122.4391
77.2751	123.79093
77.3001	125.64141
77.3251	128.22747
77.3501	131.87352
77.3751	136.93919
77.4001	143.58818
77.4251	151.14515
77.4501	157.14772
77.4751	158.16562
77.5001	153.83746
77.5251	147.48505
77.5501	142.03267
77.5751	138.55266
77.6001	137.12372
77.6251	137.45691
77.6501	138.9749
77.6751	140.54522
77.7001	140.57925
77.7251	138.30557
77.7501	134.61788
77.7751	130.84682
77.8001	127.68605
77.8251	125.26712
77.8501	123.48627
77.8751	122.18736
77.9001	121.2314
77.9251	120.5146
77.9501	119.96592
77.9751	119.53841
78.0001	119.20091
78.0251	118.93219
78.0501	118.71734
78.0751	118.54555
78.1001	118.40886
78.1251	118.30137
78.1501	118.21863
78.1751	118.15734
78.2001	118.11508
78.2251	118.09004
78.2501	118.08213
78.2751	118.08958
78.3001	118.11144
78.3251	118.14892
78.3501	118.20284
78.3751	118.27462
78.4001	118.37085
78.4251	118.48557
78.4501	118.62322
78.4751	118.79815
78.5001	119.01438
78.5251	119.28224
78.5501	119.61796
78.5751	120.04464
78.6001	120.59706
78.6251	121.32885
78.6501	122.32257
78.6751	123.69994
78.7001	125.62213
78.7251	128.25474
78.7501	131.63218
78.7751	135.31087
78.8001	137.95772
78.8251	138.02329
78.8501	135.69296
78.8751	132.65364
78.9001	130.16504
78.9251	128.64047
78.9501	128.08275
78.9751	128.35563
79.0001	129.19781
79.0251	130.09556
79.0501	130.29679
79.0751	129.39057
79.1001	127.7653
79.1251	126.07008
79.1501	124.66639
79.1751	123.63718
79.2001	122.94335
79.2251	122.51643
79.2501	122.29757
79.2751	122.2393
79.3001	122.31933
79.3251	122.52888
79.3501	122.87268
79.3751	123.36888
79.4001	124.05203
79.4251	124.97993
79.4501	126.24499
79.4751	127.98455
79.5001	130.41855
79.5251	133.80226
79.5501	138.35645
79.5751	143.97754
79.6001	149.60794
79.6251	152.87815
79.6501	151.96839
79.6751	148.12025
79.7001	143.96536
79.7251	141.02347
79.7501	139.72176
79.7751	140.03295
79.8001	141.78671
79.8251	144.63535
79.8501	147.8654
79.8751	150.57382
79.9001	152.66556
79.9251	155.33095
79.9501	160.02239
79.9751	167.43616
80.0001	176.7131
80.0251	184.35253
80.0501	185.32558
80.0751	178.66207
80.1001	168.8181
80.1251	160.07969
80.1501	154.14221
80.1751	151.1879
80.2001	150.89196
80.2251	152.65026
80.2501	155.29337
80.2751	156.78313
80.3001	155.19509
80.3251	150.70145
80.3501	145.18358
80.3751	140.16855
80.4001	136.22158
80.4251	133.34764
80.4501	131.36565
80.4751	130.08128
80.5001	129.34928
80.5251	129.08987
80.5501	129.28887
80.5751	129.99293
80.6001	131.29754
80.6251	133.30789
80.6501	136.01879
80.6751	139.0349
80.7001	141.29615
80.7251	141.70475
80.7501	140.56327
80.7751	139.26136
80.8001	138.87703
80.8251	139.92624
80.8501	142.69272
80.8751	147.37766
80.9001	153.90712
80.9251	161.26997
80.9501	166.72238
80.9751	166.93758
81.0001	161.79616
81.0251	154.60587
81.0501	148.24615
81.0751	143.81254
81.1001	141.39477
81.1251	140.75633
81.1501	141.50239
81.1751	142.92269
81.2001	143.79923
81.2251	142.91815
81.2501	140.26034
81.2751	136.91534
81.3001	133.84368
81.3251	131.45705
81.3501	129.78017
81.3751	128.72364
81.4001	128.18972
81.4251	128.11795
81.4501	128.50183
81.4751	129.39568
81.5001	130.92152
81.5251	133.27251
81.5501	136.6587
81.5751	141.10915
81.6001	146.00357
81.6251	149.53665
81.6501	149.57394
81.6751	146.22366
81.7001	141.71618
81.7251	137.84525
81.7501	135.25191
81.7751	133.97685
81.8001	133.88016
81.8251	134.70779
81.8501	135.96319
81.8751	136.75285
81.9001	136.16217
81.9251	134.1623
81.9501	131.5774
81.9751	129.14815
82.0001	127.18176
82.0251	125.70157
82.0501	124.62737
82.0751	123.86251
82.1001	123.3257
82.1251	122.95842
82.1501	122.72258
82.1751	122.5956
82.2001	122.56617
82.2251	122.63163
82.2501	122.79705
82.2751	123.07579
82.3001	123.49178
82.3251	124.08401
82.3501	124.91456
82.3751	126.08039
82.4001	127.72707
82.4251	130.06149
82.4501	133.30381
82.4751	137.61324
82.5001	142.73773
82.5251	147.43445
82.5501	149.43888
82.5751	147.52707
82.6001	143.23905
82.6251	138.85252
82.6501	135.54326
82.6751	133.58
82.7001	132.88424
82.7251	133.27065
82.7501	134.4197
82.7751	135.69109
82.8001	136.08799
82.8251	134.91772
82.8501	132.54248
82.8751	129.8616
82.9001	127.48306
82.9251	125.5923
82.9501	124.15946
82.9751	123.09247
83.0001	122.29206
83.0251	121.68139
83.0501	121.21068
83.0751	120.8382
83.1001	120.53623
83.1251	120.28819
83.1501	120.08176
83.1751	119.90815
83.2001	119.76102
83.2251	119.62581
83.2501	119.51829
83.2751	119.42576
83.3001	119.34595
83.3251	119.27703
83.3501	119.21759
83.3751	119.16608
83.4001	119.12235
83.4251	119.08485
83.4501	119.05405
83.4751	119.02899
83.5001	119.00935
83.5251	118.9949
83.5501	118.98552
83.5751	118.98114
83.6001	118.98179
83.6251	118.98756
83.6501	118.99862
83.6751	119.01523
83.7001	119.03524
83.7251	119.06403
83.7501	119.09966
83.7751	119.14277
83.8001	119.19416
83.8251	119.25478
83.8501	119.3258
83.8751	119.4086
83.9001	119.50489
83.9251	119.61673
83.9501	119.74662
83.9751	119.89766
84.0001	120.07368
84.0251	120.27947
84.0501	120.52103
84.0751	120.80603
84.1001	121.14432
84.1251	121.54871
84.1501	122.03611
84.1751	122.62917
84.2001	123.35875
84.2251	124.26786
84.2501	125.41802
84.2751	126.89994
84.3001	128.85039
84.3251	131.47593
84.3501	135.07769
84.3751	140.05794
84.4001	146.85936
84.4251	155.71661
84.4501	165.97352
84.4751	175.00644
84.5001	178.42554
84.5251	174.29611
84.5501	165.79918
84.5751	157.21622
84.6001	150.7156
84.6251	146.7902
84.6501	145.29526
84.6751	145.90984
84.7001	148.12393
84.7251	150.91525
84.7501	152.51571
84.7751	151.26853
84.8001	147.28621
84.8251	142.19942
84.8501	137.43234
84.8751	133.57665
84.9001	130.69178
84.9251	128.63793
84.9501	127.24339
84.9751	126.36518
85.0001	125.92732
85.0251	125.89632
85.0501	126.29812
85.0751	127.20999
85.1001	128.74628
85.1251	131.00918
85.1501	133.95834
85.1751	137.14641
85.2001	139.43742
85.2251	139.48921
85.2501	137.28289
85.2751	134.20813
85.3001	131.50819
85.3251	129.6975
85.3501	128.86772
85.3751	128.97094
85.4001	129.89498
85.4251	131.38003
85.4501	132.83134
85.4751	133.31376
85.5001	132.2234
85.5251	129.97252
85.5501	127.45185
85.5751	125.24678
85.6001	123.54631
85.6251	122.33719
85.6501	121.53999
85.6751	121.05783
85.7001	120.77223
85.7251	120.52313
85.7501	120.1483
85.7751	119.6041
85.8001	118.98522
85.8251	118.39992
85.8501	117.89872
85.8751	117.48743
85.9001	117.15325
85.9251	116.8776
85.9501	116.64888
85.9751	116.45373
86.0001	116.28376
86.0251	116.13291
86.0501	115.99674
86.0751	115.87219
86.1001	115.75729
86.1251	115.65063
86.1501	115.55103
86.1751	115.45749
86.2001	115.36919
86.2251	115.28547
86.2501	115.20579
86.2751	115.12969
86.3001	115.05674
86.3251	114.98658
86.3501	114.91905
86.3751	114.85416
86.4001	114.79198
86.4251	114.73261
86.4501	114.67506
86.4751	114.61925
86.5001	114.56943
86.5251	114.52357
86.5501	114.48235
86.5751	114.44677
86.6001	114.41827
86.6251	114.39895
86.6501	114.39194
86.6751	114.40199
86.7001	114.43612
86.7251	114.50428
86.7501	114.61901
86.7751	114.79118
86.8001	115.02313
86.8251	115.28334
86.8501	115.47318
86.8751	115.46778
86.9001	115.24942
86.9251	114.93327
86.9501	114.63411
86.9751	114.40253
87.0001	114.2476
87.0251	114.16399
87.0501	114.14292
87.0751	114.17141
87.1001	114.22329
87.1251	114.25062
87.1501	114.20118
87.1751	114.06667
87.2001	113.89008
87.2251	113.71277
87.2501	113.56885
87.2751	113.45809
87.3001	113.37756
87.3251	113.32184
87.3501	113.28504
87.3751	113.2624
87.4001	113.25217
87.4251	113.25526
87.4501	113.27316
87.4751	113.30711
87.5001	113.35849
87.5251	113.42909
87.5501	113.52128
87.5751	113.63815
87.6001	113.78348
87.6251	113.96193
87.6501	114.17964
87.6751	114.44545
87.7001	114.77156
87.7251	115.17403
87.7501	115.67401
87.7751	116.30046
87.8001	117.09445
87.8251	118.11564
87.8501	119.45104
87.8751	121.22439
87.9001	123.59828
87.9251	126.76349
87.9501	130.86137
87.9751	135.78075
88.0001	140.81012
88.0251	144.61545
88.0501	146.48457
88.0751	147.55177
88.1001	149.70685
88.1251	154.07609
88.1501	160.49259
88.1751	167.05189
88.2001	170.31729
88.2251	168.21222
88.2501	162.50563
88.2751	156.219
88.3001	150.72792
88.3251	146.11269
88.3501	142.47882
88.3751	140.21305
88.4001	139.52944
88.4251	140.18068
88.4501	141.28616
88.4751	141.37602
88.5001	139.29244
88.5251	135.32638
88.5501	130.7387
88.5751	126.52571
88.6001	123.07559
88.6251	120.40449
88.6501	118.38851
88.6751	116.87952
88.7001	115.74968
88.7251	114.90316
88.7501	114.27408
88.7751	113.81727
88.8001	113.51309
88.8251	113.3464
88.8501	113.31561
88.8751	113.42965
88.9001	113.70991
88.9251	114.19235
88.9501	114.94377
88.9751	116.05593
89.0001	117.66119
89.0251	119.92245
89.0501	122.98623
89.0751	126.83736
89.1001	130.97564
89.1251	134.07909
89.1501	134.57196
89.1751	132.33984
89.2001	128.90877
89.2251	125.74548
89.2501	123.51873
89.2751	122.35909
89.3001	122.22348
89.3251	123.03966
89.3501	124.71788
89.3751	127.06629
89.4001	129.66488
89.4251	131.93923
89.4501	133.70491
89.4751	135.60043
89.5001	138.67857
89.5251	143.83541
89.5501	151.563
89.5751	161.56729
89.6001	171.85924
89.6251	178.18449
89.6501	176.64648
89.6751	168.24216
89.7001	157.5575
89.7251	148.12868
89.7501	141.29108
89.7751	137.18307
89.8001	135.57179
89.8251	136.15982
89.8501	138.54813
89.8751	141.94316
89.9001	144.81219
89.9251	145.20251
89.9501	142.32876
89.9751	137.4174
90.0001	132.31919