16.5001	312.52747
16.5251	312.34268
16.5501	312.16848
16.5751	312.00677
16.6001	311.85992
16.6251	311.73091
16.6501	311.62347
16.6751	311.54245
16.7001	311.4941
16.7251	311.4867
16.7501	311.53139
16.7751	311.6435
16.8001	311.84459
16.8251	312.16597
16.8501	312.65474
16.8751	313.38521
16.9001	314.4822
16.9251	316.1755
16.9501	318.99497
16.9751	325.2024
17.0001	342.6517
17.0251	377.53698
17.0501	431.85306
17.0751	512.07085
17.1001	635.47643
17.1251	861.88667
17.1501	1209.66017
17.1751	1060.57212
17.2001	764.35654
17.2251	536.47828
17.2501	384.25583
17.2751	339.71633
17.3001	325.82028
17.3251	318.7096
17.3501	314.32683
17.3751	311.37853
17.4001	309.26317
17.4251	307.66613
17.4501	306.40929
17.4751	305.38536
17.5001	304.52648
17.5251	303.78794
17.5501	303.13926
17.5751	302.55911
17.6001	302.03214
17.6251	301.54709
17.6501	301.09557
17.6751	300.67117
17.7001	300.26897
17.7251	299.88512
17.7501	299.51656
17.7751	299.16087
17.8001	298.81608
17.8251	298.4806
17.8501	298.1531
17.8751	297.83251
17.9001	297.51791
17.9251	297.20856
17.9501	296.9038
17.9751	296.60309
18.0001	296.30598
18.0251	296.01206
18.0501	295.721
18.0751	295.43249
18.1001	295.14628
18.1251	294.86215
18.1501	294.5799
18.1751	294.29935
18.2001	294.02037
18.2251	293.74281
18.2501	293.46655
18.2751	293.19149
18.3001	292.91753
18.3251	292.6446
18.3501	292.37262
18.3751	292.10151
18.4001	291.83122
18.4251	291.5617
18.4501	291.29289
18.4751	291.02475
18.5001	290.75724
18.5251	290.49032
18.5501	290.22396
18.5751	289.95813
18.6001	289.69256
18.6251	289.42665
18.6501	289.16015
18.6751	288.89263
18.7001	288.62332
18.7251	288.35034
18.7501	288.0631
18.7751	287.78258
18.8001	287.52249
18.8251	287.26265
18.8501	287.00304
18.8751	286.74367
18.9001	286.48448
18.9251	286.22494
18.9501	285.96468
18.9751	285.7034
19.0001	285.44055
19.0251	285.17499
19.0501	284.90312
19.0751	284.60983
19.1001	284.35402
19.1251	284.09834
19.1501	283.84278
19.1751	283.58736
19.2001	283.33206
19.2251	283.07689
19.2501	282.82186
19.2751	282.56695
19.3001	282.31218
19.3251	282.05753
19.3501	281.80302
19.3751	281.54865
19.4001	281.2944
19.4251	281.04029
19.4501	280.78632
19.4751	280.53248
19.5001	280.27877
19.5251	280.02521
19.5501	279.77177
19.5751	279.51848
19.6001	279.26532
19.6251	279.0123
19.6501	278.75942
19.6751	278.50667
19.7001	278.25407
19.7251	278.00161
19.7501	277.74928
19.7751	277.4971
19.8001	277.24506
19.8251	276.99316
19.8501	276.7414
19.8751	276.48979
19.9001	276.23832
19.9251	275.98699
19.9501	275.73581
19.9751	275.48477
20.0001	275.23388
20.0251	274.98313
20.0501	274.73253
20.0751	274.48208
20.1001	274.23177
20.1251	273.98161
20.1501	273.73159
20.1751	273.48173
20.2001	273.23202
20.2251	272.98245
20.2501	272.73303
20.2751	272.48377
20.3001	272.23465
20.3251	271.98569
20.3501	271.73688
20.3751	271.48822
20.4001	271.23971
20.4251	270.99136
20.4501	270.74316
20.4751	270.49511
20.5001	270.24722
20.5251	269.99948
20.5501	269.7519
20.5751	269.50455
20.6001	269.25809
20.6251	269.01304
20.6501	268.77023
20.6751	268.53199
20.7001	268.31095
20.7251	268.06556
20.7501	267.82038
20.7751	267.5754
20.8001	267.33062
20.8251	267.08606
20.8501	266.84172
20.8751	266.59759
20.9001	266.35369
20.9251	266.11001
20.9501	265.86657
20.9751	265.62336
21.0001	265.38057
21.0251	265.13892
21.0501	264.89894
21.0751	264.66163
21.1001	264.43056
21.1251	264.21098
21.1501	263.97096
21.1751	263.73128
21.2001	263.49198
21.2251	263.25306
21.2501	263.01454
21.2751	262.77644
21.3001	262.53878
21.3251	262.30157
21.3501	262.06485
21.3751	261.82864
21.4001	261.59296
21.4251	261.35784
21.4501	261.12333
21.4751	260.88945
21.5001	260.65625
21.5251	260.42377
21.5501	260.19207
21.5751	259.96121
21.6001	259.73124
21.6251	259.50224
21.6501	259.2743
21.6751	259.0475
21.7001	258.82195
21.7251	258.59777
21.7501	258.3751
21.7751	258.15408
21.8001	257.93491
21.8251	257.71778
21.8501	257.50295
21.8751	257.29068
21.9001	257.08131
21.9251	256.87523
21.9501	256.67289
21.9751	256.47485
22.0001	256.28175
22.0251	256.0944
22.0501	255.91376
22.0751	255.74101
22.1001	255.57763
22.1251	255.42545
22.1501	255.28681
22.1751	255.16468
22.2001	255.06294
22.2251	254.98669
22.2501	254.94276
22.2751	254.94052
22.3001	254.9932
22.3251	255.11972
22.3501	255.34814
22.3751	255.72217
22.4001	256.31177
22.4251	257.22916
22.4501	258.70307
22.4751	261.24441
22.5001	266.88837
22.5251	283.44336
22.5501	319.70635
22.5751	382.26612
22.6001	498.98361
22.6251	715.48956
22.6501	758.89222
22.6751	547.26559
22.7001	495.72082
22.7251	377.04754
22.7501	293.30728
22.7751	269.10008
22.8001	261.2906
22.8251	257.19403
22.8501	254.61239
22.8751	252.8383
22.9001	251.53688
22.9251	250.53157
22.9501	249.72176
22.9751	249.0465
23.0001	248.46703
23.0251	247.95773
23.0501	247.50104
23.0751	247.08464
23.1001	246.69965
23.1251	246.33952
23.1501	245.99937
23.1751	245.67546
23.2001	245.36492
23.2251	245.06549
23.2501	244.77541
23.2751	244.49325
23.3001	244.21785
23.3251	243.94831
23.3501	243.68385
23.3751	243.42386
23.4001	243.16781
23.4251	242.91529
23.4501	242.66594
23.4751	242.41947
23.5001	242.17565
23.5251	241.93428
23.5501	241.6952
23.5751	241.45831
23.6001	241.2235
23.6251	240.99075
23.6501	240.76001
23.6751	240.5313
23.7001	240.30466
23.7251	240.08018
23.7501	239.85799
23.7751	239.63825
23.8001	239.42121
23.8251	239.20719
23.8501	238.9966
23.8751	238.79
23.9001	238.5881
23.9251	238.39187
23.9501	238.20258
23.9751	238.02199
24.0001	237.85251
24.0251	237.69757
24.0501	237.56216
24.0751	237.45377
24.1001	237.38413
24.1251	237.37255
24.1501	237.45304
24.1751	237.69153
24.2001	238.24979
24.2251	239.82989
24.2501	244.79659
24.2751	255.41236
24.3001	274.74701
24.3251	314.24155
24.3501	358.0774
24.3751	315.63454
24.4001	292.82799
24.4251	281.1645
24.4501	253.16336
24.4751	240.34598
24.5001	236.77581
24.5251	235.26506
24.5501	234.32388
24.5751	233.64745
24.6001	233.10954
24.6251	232.66773
24.6501	232.29386
24.6751	231.95845
24.7001	231.64991
24.7251	231.36079
24.7501	231.08605
24.7751	230.82223
24.8001	230.56686
24.8251	230.31816
24.8501	230.0748
24.8751	229.83578
24.9001	229.60032
24.9251	229.36784
24.9501	229.13787
24.9751	228.91003
25.0001	228.68402
25.0251	228.45961
25.0501	228.23659
25.0751	228.01479
25.1001	227.79409
25.1251	227.57437
25.1501	227.35553
25.1751	227.13749
25.2001	226.92261
25.2251	226.71943
25.2501	226.53666
25.2751	226.40531
25.3001	226.35581
25.3251	226.14918
25.3501	225.94333
25.3751	225.73826
25.4001	225.53395
25.4251	225.33042
25.4501	225.12767
25.4751	224.92569
25.5001	224.7245
25.5251	224.52411
25.5501	224.32454
25.5751	224.1258
25.6001	223.92792
25.6251	223.73093
25.6501	223.53936
25.6751	223.36159
25.7001	223.20864
25.7251	223.13847
25.7501	223.06341
25.7751	222.88221
25.8001	222.70264
25.8251	222.5248
25.8501	222.34879
25.8751	222.17471
25.9001	222.00269
25.9251	221.83279
25.9501	221.66495
25.9751	221.49919
26.0001	221.3353
26.0251	221.17051
26.0501	221.01346
26.0751	220.86053
26.1001	220.71113
26.1251	220.56555
26.1501	220.4241
26.1751	220.28714
26.2001	220.15505
26.2251	220.02825
26.2501	219.90705
26.2751	219.79187
26.3001	219.68304
26.3251	219.5796
26.3501	219.48539
26.3751	219.40371
26.4001	219.33253
26.4251	219.27304
26.4501	219.22765
26.4751	219.20611
26.5001	219.21904
26.5251	219.29517
26.5501	219.48038
26.5751	219.53668
26.6001	219.62117
26.6251	219.73817
26.6501	219.89283
26.6751	220.09139
26.7001	220.34147
26.7251	220.65244
26.7501	221.03591
26.7751	221.50645
26.8001	222.08255
26.8251	222.78788
26.8501	223.65331
26.8751	224.71958
26.9001	226.04383
26.9251	227.71002
26.9501	229.83356
26.9751	232.61337
27.0001	236.22234
27.0251	240.88129
27.0501	247.26376
27.0751	256.33472
27.1001	269.88758
27.1251	291.7143
27.1501	333.75849
27.1751	451.15315
27.2001	766.72451
27.2251	1397.45807
27.2501	2696.50419
27.2751	4157.36427
27.3001	2745.49141
27.3251	1979.18941
27.3501	1973.41337
27.3751	1120.86233
27.4001	530.15126
27.4251	359.51786
27.4501	305.02489
27.4751	277.11339
27.5001	260.07488
27.5251	248.82235
27.5501	240.96568
27.5751	235.24319
27.6001	230.93492
27.6251	227.60442
27.6501	224.9741
27.6751	222.86039
27.7001	221.13802
27.7251	219.71926
27.7501	218.54137
27.7751	217.5588
27.8001	216.73813
27.8251	216.05474
27.8501	215.49061
27.8751	215.03285
27.9001	214.67262
27.9251	214.40456
27.9501	214.22643
27.9751	214.13886
28.0001	214.14554
28.0251	214.25339
28.0501	214.47314
28.0751	214.82017
28.1001	215.31577
28.1251	215.9891
28.1501	216.88005
28.1751	218.04362
28.2001	219.55674
28.2251	221.52915
28.2501	224.12133
28.2751	227.57555
28.3001	232.27207
28.3251	238.83809
28.3501	248.37658
28.3751	263.00481
28.4001	287.51304
28.4251	339.55126
28.4501	494.68278
28.4751	884.76458
28.5001	1685.00989
28.5251	3201.13125
28.5501	3481.89605
28.5751	1911.90543
28.6001	1836.49512
28.6251	1630.54547
28.6501	812.13558
28.6751	422.55895
28.7001	317.36156
28.7251	277.88526
28.7501	256.02349
28.7751	242.26321
28.8001	232.96616
28.8251	226.34681
28.8501	221.43781
28.8751	217.67575
28.9001	214.70892
28.9251	212.30546
28.9501	210.30525
28.9751	208.54829
29.0001	207.05818
29.0251	205.86877
29.0501	204.83354
29.0751	203.92252
29.1001	203.11273
29.1251	202.3863
29.1501	201.72918
29.1751	201.13016
29.2001	200.57576
29.2251	200.05083
29.2501	199.53928
29.2751	198.97949
29.3001	198.46498
29.3251	198.08048
29.3501	197.7162
29.3751	197.36968
29.4001	197.03886
29.4251	196.72197
29.4501	196.41745
29.4751	196.12401
29.5001	195.84049
29.5251	195.56589
29.5501	195.29934
29.5751	195.04008
29.6001	194.78744
29.6251	194.54082
29.6501	194.29969
29.6751	194.06358
29.7001	193.83209
29.7251	193.60483
29.7501	193.38148
29.7751	193.16173
29.8001	192.94531
29.8251	192.732
29.8501	192.52155
29.8751	192.31378
29.9001	192.1085
29.9251	191.90556
29.9501	191.7048
29.9751	191.50609
30.0001	191.30931
30.0251	191.11433
30.0501	190.92106
30.0751	190.7294
30.1001	190.53926
30.1251	190.35057
30.1501	190.16324
30.1751	189.97483
30.2001	189.77675
30.2251	189.55971
30.2501	189.2775
30.2751	188.99212
30.3001	188.81913
30.3251	188.6468
30.3501	188.47511
30.3751	188.30404
30.4001	188.13357
30.4251	187.96367
30.4501	187.79435
30.4751	187.62317
30.5001	187.44154
30.5251	187.24013
30.5501	186.97235
30.5751	186.7003
30.6001	186.5402
30.6251	186.38035
30.6501	186.22075
30.6751	186.0614
30.7001	185.90231
30.7251	185.74348
30.7501	185.58489
30.7751	185.42656
30.8001	185.26849
30.8251	185.11067
30.8501	184.9531
30.8751	184.79579
30.9001	184.63874
30.9251	184.48193
30.9501	184.32539
30.9751	184.16909
31.0001	184.01305
31.0251	183.85727
31.0501	183.70174
31.0751	183.54646
31.1001	183.39144
31.1251	183.23668
31.1501	183.08217
31.1751	182.92791
31.2001	182.77391
31.2251	182.62017
31.2501	182.46668
31.2751	182.31344
31.3001	182.16046
31.3251	182.00774
31.3501	181.85599
31.3751	181.72893
31.4001	181.66555
31.4251	181.86096
31.4501	181.88985
31.4751	181.75477
31.5001	181.62057
31.5251	181.48727
31.5501	181.3549
31.5751	181.22351
31.6001	181.09313
31.6251	180.9638
31.6501	180.83556
31.6751	180.70846
31.7001	180.58256
31.7251	180.4579
31.7501	180.33455
31.7751	180.21257
31.8001	180.09201
31.8251	179.9737
31.8501	179.88161
31.8751	179.85517
31.9001	180.09193
31.9251	180.16205
31.9501	180.07203
31.9751	179.98505
32.0001	179.90129
32.0251	179.82094
32.0501	179.74424
32.0751	179.67141
32.1001	179.60272
32.1251	179.53845
32.1501	179.4789
32.1751	179.42443
32.2001	179.3754
32.2251	179.33221
32.2501	179.29533
32.2751	179.26524
32.3001	179.24249
32.3251	179.22769
32.3501	179.22151
32.3751	179.2247
32.4001	179.23809
32.4251	179.26262
32.4501	179.29933
32.4751	179.34938
32.5001	179.4141
32.5251	179.49497
32.5501	179.5937
32.5751	179.71633
32.6001	179.87703
32.6251	180.1164
32.6501	180.39238
32.6751	180.6198
32.7001	180.88188
32.7251	181.18311
32.7501	181.52873
32.7751	181.9249
32.8001	182.37888
32.8251	182.89934
32.8501	183.49661
32.8751	184.18315
32.9001	184.97408
32.9251	185.88789
32.9501	186.94738
32.9751	188.18095
33.0001	189.62436
33.0251	191.3231
33.0501	193.34001
33.0751	195.7638
33.1001	198.73477
33.1251	202.34518
33.1501	206.69843
33.1751	212.14204
33.2001	219.06719
33.2251	228.06107
33.2501	240.04034
33.2751	256.50626
33.3001	280.07107
33.3251	315.6549
33.3501	373.67245
33.3751	484.23129
33.4001	787.76173
33.4251	1732.99992
33.4501	4034.52248
33.4751	7906.42311
33.5001	6925.55853
33.5251	3292.67048
33.5501	3543.20911
33.5751	4044.61611
33.6001	2288.07799
33.6251	926.19215
33.6501	511.94479
33.6751	384.12723
33.7001	320.89063
33.7251	282.70333
33.7501	257.66066
33.7751	240.27658
33.8001	227.6793
33.8251	218.23995
33.8501	210.97536
33.8751	205.2619
33.9001	200.68773
33.9251	196.97173
33.9501	193.9166
33.9751	191.38073
34.0001	189.26048
34.0251	187.47897
34.0501	185.9786
34.0751	184.73208
34.1001	183.74538
34.1251	183.1813
34.1501	182.57531
34.1751	182.02695
34.2001	181.62378
34.2251	181.36432
34.2501	181.2523
34.2751	181.29737
34.3001	181.51629
34.3251	181.93503
34.3501	182.59205
34.3751	183.54358
34.4001	184.87216
34.4251	186.70108
34.4501	189.2194
34.4751	192.72787
34.5001	197.72838
34.5251	205.11288
34.5501	216.60529
34.5751	236.01142
34.6001	275.6558
34.6251	394.3661
34.6501	758.85642
34.6751	1615.64081
34.7001	2578.18082
34.7251	1625.09185
34.7501	951.37992
34.7751	1187.65643
34.8001	1219.48282
34.8251	675.84999
34.8501	351.41832
34.8751	258.29006
34.9001	227.04791
34.9251	210.797
34.9501	200.87915
34.9751	194.38295
35.0001	189.9271
35.0251	186.77941
35.0501	184.52242
35.0751	182.90502
35.1001	181.77057
35.1251	181.01947
35.1501	180.58871
35.1751	180.44023
35.2001	180.53882
35.2251	180.84473
35.2501	181.26135
35.2751	181.898
35.3001	183.17052
35.3251	184.82468
35.3501	186.94038
35.3751	189.63064
35.4001	193.05607
35.4251	197.44821
35.4501	203.14857
35.4751	210.67632
35.5001	220.83626
35.5251	234.95455
35.5501	255.32934
35.5751	286.65896
35.6001	339.33257
35.6251	443.59313
35.6501	744.56378
35.6751	1705.97131
35.7001	4060.00227
35.7251	6832.56881
35.7501	4282.05783
35.7751	2221.02286
35.8001	2825.18006
35.8251	3202.89699
35.8501	1784.21026
35.8751	743.47369
35.9001	426.79749
35.9251	327.38965
35.9501	277.83
35.9751	247.77753
36.0001	227.99064
36.0251	214.19686
36.0501	204.15405
36.0751	196.58786
36.1001	190.72765
36.1251	186.08361
36.1501	182.33152
36.1751	179.24942
36.2001	176.68092
36.2251	174.51314
36.2501	172.66284
36.2751	171.0675
36.3001	169.67939
36.3251	168.46153
36.3501	167.38491
36.3751	166.42649
36.4001	165.56778
36.4251	164.793
36.4501	164.08074
36.4751	163.40612
36.5001	162.69605
36.5251	162.16293
36.5501	161.67074
36.5751	161.21449
36.6001	160.78996
36.6251	160.39352
36.6501	160.02205
36.6751	159.67288
36.7001	159.34367
36.7251	159.03019
36.7501	158.71994
36.7751	158.39209
36.8001	158.04724
36.8251	157.92227
36.8501	157.82968
36.8751	157.60652
36.9001	157.39267
36.9251	157.18738
36.9501	156.98999
36.9751	156.79992
37.0001	156.61664
37.0251	156.43968
37.0501	156.26861
37.0751	156.10305
37.1001	155.94266
37.1251	155.78714
37.1501	155.6362
37.1751	155.48961
37.2001	155.34713
37.2251	155.20858
37.2501	155.07376
37.2751	154.94477
37.3001	154.84548
37.3251	154.8485
37.3501	154.87548
37.3751	154.76656
37.4001	154.6611
37.4251	154.55907
37.4501	154.46045
37.4751	154.35622
37.5001	154.21271
37.5251	153.9287
37.5501	153.62881
37.5751	153.56071
37.6001	153.49566
37.6251	153.43377
37.6501	153.37518
37.6751	153.32006
37.7001	153.26858
37.7251	153.22094
37.7501	153.17723
37.7751	153.12141
37.8001	153.01658
37.8251	152.75566
37.8501	152.57569
37.8751	152.56792
37.9001	152.56593
37.9251	152.57026
37.9501	152.58149
37.9751	152.60031
38.0001	152.62748
38.0251	152.66386
38.0501	152.71043
38.0751	152.76831
38.1001	152.83877
38.1251	152.9233
38.1501	153.02359
38.1751	153.14161
38.2001	153.27966
38.2251	153.44041
38.2501	153.62703
38.2751	153.84325
38.3001	154.0935
38.3251	154.38312
38.3501	154.7185
38.3751	155.10745
38.4001	155.5595
38.4251	156.08644
38.4501	156.70297
38.4751	157.42763
38.5001	158.28407
38.5251	159.30285
38.5501	160.52403
38.5751	162.00097
38.6001	163.80613
38.6251	166.03989
38.6501	168.84475
38.6751	172.42882
38.7001	177.10618
38.7251	183.37016
38.7501	192.03422
38.7751	204.52404
38.8001	223.54258
38.8251	254.80821
38.8501	313.88608
38.8751	471.95122
38.9001	1023.22735
38.9251	2516.23916
38.9501	4217.43461
38.9751	2555.93129
39.0001	1199.1601
39.0251	1485.49708
39.0501	2034.66191
39.0751	1479.23006
39.1001	662.41985
39.1251	353.49107
39.1501	265.72504
39.1751	228.17434
39.2001	206.49118
39.2251	192.58328
39.2501	183.07072
39.2751	176.24467
39.3001	171.16008
39.3251	167.25769
39.3501	164.18816
39.3751	161.72357
39.4001	159.70967
39.4251	158.03887
39.4501	156.63418
39.4751	155.43922
39.5001	154.41191
39.5251	153.52032
39.5501	152.73981
39.5751	152.05116
39.6001	151.43915
39.6251	150.89162
39.6501	150.39894
39.6751	149.95388
39.7001	149.54852
39.7251	149.17698
39.7501	148.83551
39.7751	148.5203
39.8001	148.22811
39.8251	147.95622
39.8501	147.70229
39.8751	147.46431
39.9001	147.24056
39.9251	147.02953
39.9501	146.82993
39.9751	146.64062
40.0001	146.4606
40.0251	146.28901
40.0501	146.12507
40.0751	145.96809
40.1001	145.81748
40.1251	145.67269
40.1501	145.53331
40.1751	145.39926
40.2001	145.27094
40.2251	145.14517
40.2501	145.02328
40.2751	144.90498
40.3001	144.79001
40.3251	144.67814
40.3501	144.56917
40.3751	144.4629
40.4001	144.35916
40.4251	144.25779
40.4501	144.15865
40.4751	144.0616
40.5001	143.96652
40.5251	143.87331
40.5501	143.78185
40.5751	143.69206
40.6001	143.60385
40.6251	143.51714
40.6501	143.43186
40.6751	143.34794
40.7001	143.26531
40.7251	143.18391
40.7501	143.092
40.7751	142.95605
40.8001	142.6573
40.8251	142.58848
40.8501	142.52034
40.8751	142.45287
40.9001	142.38606
40.9251	142.31988
40.9501	142.25434
40.9751	142.18943
41.0001	142.12514
41.0251	142.06088
41.0501	141.9784
41.0751	141.83389
41.1001	141.58482
41.1251	141.53027
41.1501	141.47617
41.1751	141.42253
41.2001	141.3694
41.2251	141.31682
41.2501	141.26486
41.2751	141.21358
41.3001	141.16306
41.3251	141.11342
41.3501	141.06479
41.3751	141.01733
41.4001	140.97127
41.4251	140.9269
41.4501	140.8846
41.4751	140.84489
41.5001	140.80847
41.5251	140.77637
41.5501	140.75004
41.5751	140.73167
41.6001	140.7247
41.6251	140.73468
41.6501	140.77126
41.6751	140.85234
41.7001	141.01462
41.7251	141.34754
41.7501	142.20205
41.7751	145.33613
41.8001	155.39059
41.8251	169.92571
41.8501	160.31133
41.8751	147.3296
41.9001	147.28028
41.9251	152.29293
41.9501	152.77369
41.9751	145.94911
42.0001	141.94543
42.0251	140.72889
42.0501	140.2835
42.0751	140.02865
42.1001	139.85356
42.1251	139.72139
42.1501	139.61465
42.1751	139.52404
42.2001	139.44422
42.2251	139.37195
42.2501	139.30515
42.2751	139.24242
42.3001	139.18282
42.3251	139.12568
42.3501	139.0705
42.3751	139.01692
42.4001	138.96468
42.4251	138.91356
42.4501	138.8636
42.4751	138.81718
42.5001	138.78357
42.5251	138.73605
42.5501	138.68913
42.5751	138.64275
42.6001	138.59688
42.6251	138.55147
42.6501	138.50649
42.6751	138.46192
42.7001	138.41774
42.7251	138.37393
42.7501	138.33047
42.7751	138.28736
42.8001	138.24457
42.8251	138.2021
42.8501	138.15995
42.8751	138.1181
42.9001	138.07655
42.9251	138.0353
42.9501	137.99434
42.9751	137.95387
43.0001	137.9164
43.0251	137.89123
43.0501	137.85194
43.0751	137.81294
43.1001	137.77426
43.1251	137.73588
43.1501	137.69781
43.1751	137.66006
43.2001	137.62262
43.2251	137.58551
43.2501	137.54872
43.2751	137.51239
43.3001	137.47792
43.3251	137.44933
43.3501	137.41413
43.3751	137.3793
43.4001	137.34485
43.4251	137.3108
43.4501	137.27716
43.4751	137.24394
43.5001	137.21116
43.5251	137.17884
43.5501	137.147
43.5751	137.11566
43.6001	137.08485
43.6251	137.0546
43.6501	137.02493
43.6751	136.99575
43.7001	136.96664
43.7251	136.93772
43.7501	136.91088
43.7751	136.88486
43.8001	136.85975
43.8251	136.83663
43.8501	136.82084
43.8751	136.7996
43.9001	136.77919
43.9251	136.76019
43.9501	136.74275
43.9751	136.73232
44.0001	136.76348
44.0251	136.83071
44.0501	136.82499
44.0751	136.82232
44.1001	136.82318
44.1251	136.82813
44.1501	136.83785
44.1751	136.85321
44.2001	136.87528
44.2251	136.90544
44.2501	136.94542
44.2751	136.99751
44.3001	137.06472
44.3251	137.15112
44.3501	137.26227
44.3751	137.40601
44.4001	137.59362
44.4251	137.84191
44.4501	138.17685
44.4751	138.64035
44.5001	139.30621
44.5251	140.32865
44.5501	142.0133
44.5751	144.79315
44.6001	150.76034
44.6251	170.42518
44.6501	240.98478
44.6751	366.90979
44.7001	326.55074
44.7251	202.79363
44.7501	181.52541
44.7751	213.99897
44.8001	249.71406
44.8251	214.88908
44.8501	167.05996
44.8751	148.72141
44.9001	143.37276
44.9251	141.09362
44.9501	139.78821
44.9751	138.95996
45.0001	138.40352
45.0251	138.01538
45.0501	137.73874
45.0751	137.54045
45.1001	137.40041
45.1251	137.30625
45.1501	137.25054
45.1751	137.22938
45.2001	137.24169
45.2251	137.28909
45.2501	137.3764
45.2751	137.51272
45.3001	137.71392
45.3251	138.00749
45.3501	138.44303
45.3751	139.11623
45.4001	140.23192
45.4251	142.33792
45.4501	147.94727
45.4751	169.37262
45.5001	226.87389
45.5251	256.23327
45.5501	187.79695
45.5751	158.39045
45.6001	165.1267
45.6251	187.15125
45.6501	189.71426
45.6751	163.10644
45.7001	147.53964
45.7251	143.04896
45.7501	141.77472
45.7751	141.35315
45.8001	141.3361
45.8251	141.59192
45.8501	142.07555
45.8751	142.78504
45.9001	143.74885
45.9251	145.02556
45.9501	146.71252
45.9751	148.96546
46.0001	152.03693
46.0251	156.35295
46.0501	162.67514
46.0751	172.47678
46.1001	188.93976
46.1251	220.83516
46.1501	309.82451
46.1751	653.35249
46.2001	1517.94285
46.2251	1803.45619
46.2501	806.87966
46.2751	428.79232
46.3001	533.81624
46.3251	850.81442
46.3501	886.3451
46.3751	501.74732
46.4001	271.6078
46.4251	201.15275
46.4501	177.24354
46.4751	164.93768
46.5001	157.38609
46.5251	152.37432
46.5501	148.85987
46.5751	146.28763
46.6001	144.33176
46.6251	142.82007
46.6501	141.62239
46.6751	140.65378
46.7001	139.85792
46.7251	139.19503
46.7501	138.63627
46.7751	138.16029
46.8001	137.75102
46.8251	137.39616
46.8501	137.08555
46.8751	136.80823
46.9001	136.55451
46.9251	136.33999
46.9501	136.14803
46.9751	135.97542
47.0001	135.81953
47.0251	135.67812
47.0501	135.54938
47.0751	135.43172
47.1001	135.32384
47.1251	135.22461
47.1501	135.13306
47.1751	135.04836
47.2001	134.96979
47.2251	134.89673
47.2501	134.82864
47.2751	134.76503
47.3001	134.70549
47.3251	134.64964
47.3501	134.59724
47.3751	134.54993
47.4001	134.51146
47.4251	134.46664
47.4501	134.4178
47.4751	134.37888
47.5001	134.34203
47.5251	134.30707
47.5501	134.27386
47.5751	134.2423
47.6001	134.21271
47.6251	134.18657
47.6501	134.15936
47.6751	134.1334
47.7001	134.10829
47.7251	134.08197
47.7501	134.05375
47.7751	134.03231
47.8001	134.01182
47.8251	133.99221
47.8501	133.97343
47.8751	133.95547
47.9001	133.93827
47.9251	133.92299
47.9501	133.91623
47.9751	133.90141
48.0001	133.88724
48.0251	133.8737
48.0501	133.86077
48.0751	133.84843
48.1001	133.83659
48.1251	133.81477
48.1501	133.72522
48.1751	133.68398
48.2001	133.67842
48.2251	133.67251
48.2501	133.66697
48.2751	133.6618
48.3001	133.65701
48.3251	133.65258
48.3501	133.6486
48.3751	133.64599
48.4001	133.64219
48.4251	133.61106
48.4501	133.51388
48.4751	133.51458
48.5001	133.5156
48.5251	133.51695
48.5501	133.51864
48.5751	133.5207
48.6001	133.52314
48.6251	133.52599
48.6501	133.52927
48.6751	133.53301
48.7001	133.53724
48.7251	133.54199
48.7501	133.5473
48.7751	133.55323
48.8001	133.55981
48.8251	133.56712
48.8501	133.57522
48.8751	133.58419
48.9001	133.59413
48.9251	133.60547
48.9501	133.62035
48.9751	133.63397
49.0001	133.64913
49.0251	133.66601
49.0501	133.68489
49.0751	133.70606
49.1001	133.7299
49.1251	133.75687
49.1501	133.78754
49.1751	133.82263
49.2001	133.86306
49.2251	133.91978
49.2501	134.07902
49.2751	134.14664
49.3001	134.22719
49.3251	134.32449
49.3501	134.44393
49.3751	134.59337
49.4001	134.7846
49.4251	135.0361
49.4501	135.37817
49.4751	135.86352
49.5001	136.59101
49.5251	137.76493
49.5501	139.8834
49.5751	144.88264
49.6001	163.52062
49.6251	223.23356
49.6501	276.32325
49.6751	206.26873
49.7001	159.04362
49.7251	155.13928
49.7501	172.77635
49.7751	197.81514
49.8001	186.78079
49.8251	160.51178
49.8501	158.04746
49.8751	175.415
49.9001	169.82731
49.9251	147.76423
49.9501	141.32041
49.9751	143.11916
50.0001	149.99449
50.0251	153.00936
50.0501	144.88996
50.0751	138.61154
50.1001	136.45842
50.1251	135.74907
50.1501	135.40158
50.1751	135.19406
50.2001	135.06286
50.2251	134.97905
50.2501	134.92748
50.2751	134.89969
50.3001	134.89087
50.3251	134.89847
50.3501	134.92154
50.3751	134.96051
50.4001	135.01734
50.4251	135.09605
50.4501	135.2039
50.4751	135.35395
50.5001	135.57065
50.5251	135.90356
50.5501	136.46695
50.5751	137.63847
50.6001	141.50708
50.6251	155.60305
50.6501	176.34093
50.6751	162.75388
50.7001	144.36887
50.7251	140.76134
50.7501	143.95387
50.7751	151.7037
50.8001	153.46048
50.8251	144.88176
50.8501	139.34112
50.8751	137.6559
50.9001	137.20616
50.9251	137.07973
50.9501	137.09467
50.9751	137.1982
51.0001	137.36883
51.0251	137.59854
51.0501	137.88668
51.0751	138.23767
51.1001	138.66028
51.1251	139.1679
51.1501	139.77963
51.1751	140.52309
51.2001	141.43419
51.2251	142.56494
51.2501	143.99309
51.2751	145.83348
51.3001	148.26409
51.3251	151.57318
51.3501	156.25349
51.3751	163.20743
51.4001	174.24573
51.4251	193.4243
51.4501	233.56312
51.4751	364.67777
51.5001	863.73701
51.5251	1681.15865
51.5501	1238.5004
51.5751	500.51043
51.6001	333.0469
51.6251	420.1913
51.6501	697.69441
51.6751	841.83238
51.7001	537.07075
51.7251	289.62959
51.7501	204.32906
51.7751	177.30993
51.8001	164.55392
51.8251	156.95784
51.8501	152.00766
51.8751	148.58607
51.9001	146.11462
51.9251	144.2607
51.9501	142.84374
51.9751	141.73107
52.0001	140.84119
52.0251	140.11857
52.0501	139.52421
52.0751	139.03001
52.1001	138.61534
52.1251	138.26472
52.1501	137.98001
52.1751	137.79817
52.2001	137.58087
52.2251	137.39397
52.2501	137.23296
52.2751	137.09423
52.3001	136.97487
52.3251	136.8725
52.3501	136.78523
52.3751	136.71151
52.4001	136.65012
52.4251	136.60011
52.4501	136.5608
52.4751	136.53173
52.5001	136.51267
52.5251	136.50366
52.5501	136.50501
52.5751	136.51738
52.6001	136.54189
52.6251	136.58008
52.6501	136.63293
52.6751	136.70755
52.7001	136.80962
52.7251	136.95526
52.7501	137.23073
52.7751	137.51248
52.8001	137.94806
52.8251	138.71322
52.8501	140.62629
52.8751	147.84135
52.9001	164.84784
52.9251	165.62886
52.9501	148.78582
52.9751	143.65813
53.0001	145.0794
53.0251	151.22847
53.0501	160.91959
53.0751	169.27921
53.1001	206.67016
53.1251	313.22847
53.1501	328.43302
53.1751	210.86721
53.2001	165.56207
53.2251	164.41847
53.2501	189.25088
53.2751	227.86882
53.3001	216.27752
53.3251	172.46467
53.3501	150.69488
53.3751	143.9777
53.4001	141.48695
53.4251	140.16207
53.4501	139.34978
53.4751	138.81967
53.5001	138.4597
53.5251	138.18969
53.5501	137.92554
53.5751	137.80798
53.6001	137.73051
53.6251	137.68414
53.6501	137.66304
53.6751	137.67412
53.7001	137.71673
53.7251	137.7519
53.7501	137.80238
53.7751	137.86766
53.8001	137.94245
53.8251	137.97916
53.8501	138.04409
53.8751	138.17603
53.9001	138.3532
53.9251	138.53696
53.9501	138.73354
53.9751	138.95847
54.0001	139.21674
54.0251	139.51471
54.0501	139.86063
54.0751	140.26523
54.1001	140.74267
54.1251	141.31193
54.1501	141.99892
54.1751	142.83973
54.2001	143.88585
54.2251	145.21294
54.2501	146.93587
54.2751	149.23627
54.3001	152.41563
54.3251	157.00551
54.3501	164.01706
54.3751	175.5759
54.4001	197.02355
54.4251	250.74412
54.4501	460.90593
54.4751	1065.40027
54.5001	1335.27169
54.5251	648.07803
54.5501	318.95688
54.5751	279.3516
54.6001	378.5366
54.6251	609.00739
54.6501	673.37421
54.6751	421.38079
54.7001	247.97352
54.7251	189.67979
54.7501	170.37213
54.7751	160.94031
54.8001	155.27734
54.8251	151.58664
54.8501	149.05127
54.8751	147.24261
54.9001	145.91791
54.9251	144.93131
54.9501	144.18973
54.9751	143.63807
55.0001	143.23552
55.0251	142.95698
55.0501	142.78715
55.0751	142.7185
55.1001	142.75055
55.1251	142.89022
55.1501	143.15312
55.1751	143.57001
55.2001	144.3293
55.2251	145.22803
55.2501	146.5433
55.2751	148.52721
55.3001	151.66642
55.3251	157.02299
55.3501	167.51336
55.3751	197.40572
55.4001	316.60914
55.4251	582.37064
55.4501	558.83246
55.4751	292.15438
55.5001	201.65696
55.5251	197.73773
55.5501	246.55145
55.5751	340.75555
55.6001	344.41032
55.6251	240.90986
55.6501	179.49576
55.6751	159.58014
55.7001	152.7209
55.7251	149.28446
55.7501	147.24203
55.7751	145.95289
55.8001	145.11926
55.8251	144.58524
55.8501	144.26453
55.8751	144.1085
55.9001	144.09123
55.9251	144.20227
55.9501	144.44389
55.9751	144.83118
56.0001	145.39509
56.0251	146.18963
56.0501	147.3064
56.0751	148.95109
56.1001	151.45585
56.1251	155.15905
56.1501	161.42677
56.1751	173.66675
56.2001	208.82327
56.2251	348.49731
56.2501	647.86207
56.2751	600.86521
56.3001	307.5927
56.3251	210.48094
56.3501	205.29833
56.3751	256.0592
56.4001	361.42256
56.4251	378.99723
56.4501	265.37954
56.4751	192.16174
56.5001	167.98458
56.5251	160.19416
56.5501	156.67406
56.5751	154.95828
56.6001	154.30138
56.6251	154.3647
56.6501	155.05068
56.6751	156.36511
56.7001	158.42602
56.7251	161.1472
56.7501	164.98684
56.7751	170.46671
56.8001	178.52206
56.8251	190.91045
56.8501	211.37055
56.8751	249.17058
56.9001	340.96089
56.9251	695.30245
56.9501	1762.12462
56.9751	2332.70599
57.0001	1109.77707
57.0251	476.80723
57.0501	369.32517
57.0751	471.13952
57.1001	824.40365
57.1251	1151.17339
57.1501	828.08392
57.1751	425.09937
57.2001	261.6307
57.2251	210.56556
57.2501	188.84267
57.2751	176.49712
57.3001	168.56535
57.3251	163.17093
57.3501	159.32952
57.3751	156.49624
57.4001	154.34891
57.4251	152.68666
57.4501	151.37875
57.4751	150.33662
57.5001	149.48685
57.5251	148.78914
57.5501	148.24317
57.5751	147.80289
57.6001	147.4507
57.6251	147.17333
57.6501	146.96072
57.6751	146.8053
57.7001	146.70145
57.7251	146.64512
57.7501	146.6336
57.7751	146.66235
57.8001	146.7047
57.8251	146.82325
57.8501	146.98671
57.8751	147.19777
57.9001	147.46043
57.9251	147.78014
57.9501	148.16412
57.9751	148.62184
58.0001	149.16557
58.0251	149.8113
58.0501	150.57994
58.0751	151.4991
58.1001	152.60578
58.1251	153.95022
58.1501	155.60209
58.1751	157.66012
58.2001	160.26808
58.2251	163.64198
58.2501	168.11893
58.2751	174.24952
58.3001	182.98463
58.3251	196.08177
58.3501	217.07901
58.3751	254.30106
58.4001	335.59996
58.4251	620.61658
58.4501	1625.08429
58.4751	2746.91086
58.5001	1604.68325
58.5251	629.12501
58.5501	403.87455
58.5751	433.66375
58.6001	708.05775
58.6251	1193.967
58.6501	1171.41902
58.6751	646.06504
58.7001	345.31873
58.7251	246.77315
58.7501	212.24931
58.7751	195.03769
58.8001	185.10145
58.8251	179.30556
58.8501	176.30536
58.8751	175.59558
58.9001	177.26566
58.9251	182.11598
58.9501	192.31424
58.9751	214.14411
59.0001	278.67562
59.0251	537.57533
59.0501	1106.18702
59.0751	1033.22613
59.1001	473.6298
59.1251	276.56428
59.1501	250.10043
59.1751	306.96701
59.2001	479.49617
59.2251	624.12983
59.2501	464.20792
59.2751	278.27515
59.3001	202.54395
59.3251	178.31953
59.3501	167.68728
59.3751	161.62475
59.4001	157.69959
59.4251	154.99042
59.4501	153.02956
59.4751	151.55698
59.5001	150.41829
59.5251	149.56132
59.5501	148.9402
59.5751	148.34691
59.6001	147.86976
59.6251	147.4646
59.6501	147.11525
59.6751	146.81724
59.7001	146.56138
59.7251	146.34056
59.7501	146.14914
59.7751	145.98266
59.8001	145.83749
59.8251	145.71069
59.8501	145.59983
59.8751	145.50291
59.9001	145.41823
59.9251	145.3444
59.9501	145.2802
59.9751	145.22464
60.0001	145.17682
60.0251	145.13602
60.0501	145.10158
60.0751	145.07294
60.1001	145.04963
60.1251	145.03123
60.1501	145.03458
60.1751	145.15794
60.2001	145.15612
60.2251	145.15817
60.2501	145.1639
60.2751	145.17314
60.3001	145.18576
60.3251	145.20163
60.3501	145.22069
60.3751	145.24286
60.4001	145.26811
60.4251	145.2964
60.4501	145.32776
60.4751	145.36219
60.5001	145.39975
60.5251	145.4405
60.5501	145.48455
60.5751	145.52243
60.6001	145.40298
60.6251	145.46227
60.6501	145.52539
60.6751	145.5926
60.7001	145.66426
60.7251	145.74073
60.7501	145.82249
60.7751	145.91008
60.8001	146.00416
60.8251	146.1055
60.8501	146.21248
60.8751	146.23929
60.9001	146.28494
60.9251	146.43049
60.9501	146.59042
60.9751	146.76736
61.0001	146.96471
61.0251	147.18683
61.0501	147.43947
61.0751	147.73037
61.1001	148.07014
61.1251	148.47394
61.1501	148.96713
61.1751	149.56236
61.2001	150.27725
61.2251	151.31014
61.2501	152.74447
61.2751	154.85865
61.3001	158.23145
61.3251	164.28578
61.3501	178.79532
61.3751	233.62803
61.4001	390.60796
61.4251	459.81557
61.4501	286.37486
61.4751	197.69384
61.5001	179.64905
61.5251	184.41136
61.5501	216.50239
61.5751	277.88041
61.6001	287.44273
61.6251	224.50034
61.6501	183.8155
61.6751	170.69574
61.7001	167.58739
61.7251	167.59521
61.7501	169.36357
61.7751	172.78819
61.8001	178.27149
61.8251	186.79109
61.8501	200.40658
61.8751	223.62709
61.9001	268.53354
61.9251	392.49493
61.9501	878.02259
61.9751	1983.12088
62.0001	1917.99191
62.0251	820.11743
62.0501	404.79935
62.0751	329.41736
62.1001	381.1215
62.1251	622.58745
62.1501	1010.36465
62.1751	955.43491
62.2001	539.8697
62.2251	306.49947
62.2501	227.89242
62.2751	199.2871
62.3001	184.47083
62.3251	175.32979
62.3501	169.23936
62.3751	164.96151
62.4001	161.83226
62.4251	159.46865
62.4501	157.63668
62.4751	156.18646
62.5001	155.01815
62.5251	154.06427
62.5501	153.27584
62.5751	152.61439
62.6001	152.0559
62.6251	151.58062
62.6501	151.17338
62.6751	150.82239
62.7001	150.51834
62.7251	150.25381
62.7501	150.02283
62.7751	149.82054
62.8001	149.64296
62.8251	149.48679
62.8501	149.3493
62.8751	149.2282
62.9001	149.12157
62.9251	149.02781
62.9501	148.94553
62.9751	148.8736
63.0001	148.81104
63.0251	148.75706
63.0501	148.71097
63.0751	148.67225
63.1001	148.64049
63.1251	148.6154
63.1501	148.59681
63.1751	148.586
63.2001	148.58276
63.2251	148.58437
63.2501	148.5936
63.2751	148.6114
63.3001	148.63925
63.3251	148.67937
63.3501	148.73514
63.3751	148.81174
63.4001	148.91743
63.4251	149.06589
63.4501	149.281
63.4751	149.60744
63.5001	150.13653
63.5251	151.08322
63.5501	153.22221
63.5751	160.92889
63.6001	185.77889
63.6251	206.19884
63.6501	177.76343
63.6751	158.39031
63.7001	153.70785
63.7251	153.37808
63.7501	156.48839
63.7751	165.44804
63.8001	174.06016
63.8251	166.61121
63.8501	156.37455
63.8751	151.85661
63.9001	150.39755
63.9251	149.8037
63.9501	149.47859
63.9751	149.27902
64.0001	149.15015
64.0251	149.0645
64.0501	149.00693
64.0751	148.96849
64.1001	148.94362
64.1251	148.92871
64.1501	148.90241
64.1751	148.77387
64.2001	148.7805
64.2251	148.79077
64.2501	148.80404
64.2751	148.81982
64.3001	148.83777
64.3251	148.85762
64.3501	148.87952
64.3751	148.91279
64.4001	148.93766
64.4251	148.9629
64.4501	148.91931
64.4751	148.87636
64.5001	148.91003
64.5251	148.94531
64.5501	148.98238
64.5751	149.0215
64.6001	149.06303
64.6251	149.10745
64.6501	149.15539
64.6751	149.20773
64.7001	149.26568
64.7251	149.33095
64.7501	149.40601
64.7751	149.49452
64.8001	149.60212
64.8251	149.73784
64.8501	149.91691
64.8751	150.16664
64.9001	150.54008
64.9251	151.15173
64.9501	152.31442
64.9751	155.56151
65.0001	167.904
65.0251	193.51548
65.0501	188.40853
65.0751	164.05564
65.1001	155.22766
65.1251	153.4639
65.1501	154.02475
65.1751	157.94873
65.2001	166.56031
65.2251	170.57453
65.2501	162.03061
65.2751	154.87509
65.3001	152.11423
65.3251	151.20497
65.3501	150.80552
65.3751	150.58419
65.4001	150.45235
65.4251	150.37244
65.4501	150.32505
65.4751	150.2993
65.5001	150.28872
65.5251	150.2893
65.5501	150.29846
65.5751	150.31454
65.6001	150.33646
65.6251	150.36354
65.6501	150.3954
65.6751	150.43193
65.7001	150.4732
65.7251	150.5195
65.7501	150.57131
65.7751	150.62939
65.8001	150.69479
65.8251	150.7671
65.8501	150.84981
65.8751	150.95221
65.9001	151.07152
65.9251	151.2096
65.9501	151.37776
65.9751	151.58736
66.0001	151.85593
66.0251	152.21156
66.0501	152.7017
66.0751	153.41163
66.1001	154.50648
66.1251	156.34285
66.1501	159.91459
66.1751	170.1143
66.2001	208.79867
66.2251	286.63853
66.2501	266.25596
66.2751	193.4893
66.3001	167.75009
66.3251	162.39226
66.3501	163.44712
66.3751	173.51524
66.4001	198.06138
66.4251	215.4312
66.4501	192.48692
66.4751	168.74282
66.5001	158.86391
66.5251	155.57666
66.5501	154.15607
66.5751	153.35362
66.6001	152.84918
66.6251	152.5053
66.6501	152.2651
66.6751	152.09231
66.7001	151.96538
66.7251	151.87084
66.7501	151.79985
66.7751	151.74646
66.8001	151.70649
66.8251	151.67697
66.8501	151.65571
66.8751	151.64106
66.9001	151.63179
66.9251	151.62694
66.9501	151.62576
66.9751	151.62766
67.0001	151.63215
67.0251	151.63885
67.0501	151.64746
67.0751	151.65771
67.1001	151.66939
67.1251	151.68233
67.1501	151.69637
67.1751	151.7114
67.2001	151.72958
67.2251	151.83662
67.2501	151.85571
67.2751	151.87665
67.3001	151.90151
67.3251	151.92305
67.3501	151.9452
67.3751	151.96792
67.4001	151.99121
67.4251	152.01505
67.4501	152.03944
67.4751	152.06438
67.5001	152.08989
67.5251	152.11595
67.5501	152.14106
67.5751	152.16659
67.6001	152.19461
67.6251	152.22332
67.6501	152.25279
67.6751	152.28307
67.7001	152.31423
67.7251	152.3464
67.7501	152.38182
67.7751	152.41629
67.8001	152.45213
67.8251	152.48951
67.8501	152.52864
67.8751	152.5698
67.9001	152.65948
67.9251	152.75337
67.9501	152.80514
67.9751	152.86085
68.0001	152.92129
68.0251	152.98748
68.0501	153.06074
68.0751	153.14282
68.1001	153.23608
68.1251	153.34377
68.1501	153.47051
68.1751	153.62293
68.2001	153.81103
68.2251	154.05029
68.2501	154.36592
68.2751	154.80119
68.3001	155.43555
68.3251	156.4279
68.3501	158.13894
68.3751	161.75095
68.4001	173.66682
68.4251	213.81109
68.4501	262.21457
68.4751	219.60694
68.5001	176.59479
68.5251	164.10086
68.5501	161.52472
68.5751	162.74817
68.6001	170.41684
68.6251	188.42717
68.6501	201.30171
68.6751	185.04543
68.7001	167.53016
68.7251	160.03752
68.7501	157.55148
68.7751	156.52752
68.8001	156.00154
68.8251	155.71617
68.8501	155.57676
68.8751	155.53832
68.9001	155.57991
68.9251	155.69503
68.9501	155.88858
68.9751	156.17805
69.0001	156.59959
69.0251	157.22302
69.0501	158.20738
69.0751	159.88455
69.1001	163.02746
69.1251	172.15169
69.1501	205.10531
69.1751	264.70528
69.2001	243.02479
69.2251	188.4125
69.2501	169.27634
69.2751	165.13809
69.3001	165.35761
69.3251	170.7114
69.3501	186.22996
69.3751	206.49991
69.4001	199.76904
69.4251	178.86417
69.4501	168.01927
69.4751	164.80337
69.5001	164.28893
69.5251	164.76612
69.5501	165.90798
69.5751	167.72177
69.6001	170.37602
69.6251	174.22766
69.6501	179.95238
69.6751	188.86756
69.7001	203.767
69.7251	231.87317
69.7501	305.4424
69.7751	577.96336
69.8001	1229.86718
69.8251	1308.18787
69.8501	637.97139
69.8751	333.26317
69.9001	259.5737
69.9251	247.30723
69.9501	279.56674
69.9751	404.77035
70.0001	637.11816
70.0251	692.21541
70.0501	456.61852
70.0751	283.57112
70.1001	216.41111
70.1251	192.78604
70.1501	181.6398
70.1751	175.06357
70.2001	170.86095
70.2251	168.11958
70.2501	166.46006
70.2751	166.04842
70.3001	169.13021
70.3251	181.38372
70.3501	191.07034
70.3751	175.48146
70.4001	164.59859
70.4251	161.35483
70.4501	160.36832
70.4751	160.36035
70.5001	162.05073
70.5251	166.66379
70.5501	170.78228
70.5751	166.62723
70.6001	161.2295
70.6251	158.69127
70.6501	157.75905
70.6751	157.33079
70.7001	157.07087
70.7251	156.89505
70.7501	156.7639
70.7751	156.6765
70.8001	156.61595
70.8251	156.5768
70.8501	156.55571
70.8751	156.55059
70.9001	156.56018
70.9251	156.58381
70.9501	156.62129
70.9751	156.6728
71.0001	156.73885
71.0251	156.81856
71.0501	156.91096
71.0751	157.03101
71.1001	157.17639
71.1251	157.33708
71.1501	157.53188
71.1751	157.76844
71.2001	158.02395
71.2251	158.32313
71.2501	158.67531
71.2751	159.10164
71.3001	159.59847
71.3251	160.19632
71.3501	160.92368
71.3751	161.82021
71.4001	162.94252
71.4251	164.37371
71.4501	166.23976
71.4751	168.73941
71.5001	172.1933
71.5251	177.19303
71.5501	184.81246
71.5751	197.2834
71.6001	220.07037
71.6251	275.24839
71.6501	473.29245
71.6751	1009.13601
71.7001	1262.69062
71.7251	682.24506
71.7501	344.98942
71.7751	255.47566
71.8001	235.11243
71.8251	246.18114
71.8501	314.87149
71.8751	487.40782
71.9001	657.17241
71.9251	530.89516
71.9501	330.76489
71.9751	232.79616
72.0001	198.47709
72.0251	184.90496
72.0501	178.19082
72.0751	176.51088
72.1001	183.25681
72.1251	191.61733
72.1501	179.19292
72.1751	167.96585
72.2001	163.95097
72.2251	162.42765
72.2501	161.79538
72.2751	162.2653
72.3001	164.90025
72.3251	169.15125
72.3501	168.37449
72.3751	163.29092
72.4001	160.08478
72.4251	158.69081
72.4501	158.12661
72.4751	157.79633
72.5001	157.57099
72.5251	157.41038
72.5501	157.29593
72.5751	157.21789
72.6001	157.17108
72.6251	157.15322
72.6501	157.16408
72.6751	157.20429
72.7001	157.27838
72.7251	157.39378
72.7501	157.55892
72.7751	157.78868
72.8001	158.10957
72.8251	158.56773
72.8501	159.2019
72.8751	160.14212
72.9001	161.61498
72.9251	164.11854
72.9501	169.17963
72.9751	184.59959
73.0001	236.52242
73.0251	314.27275
73.0501	269.07902
73.0751	200.52618
73.1001	178.41518
73.1251	175.42102
73.1501	181.37106
73.1751	209.0394
73.2001	287.33042
73.2251	347.41451
73.2501	289.927
73.2751	221.23201
73.3001	186.70871
73.3251	174.27455
73.3501	171.56268
73.3751	176.36361
73.4001	193.29601
73.4251	216.89848
73.4501	210.73018
73.4751	184.97217
73.5001	169.93727
73.5251	164.44988
73.5501	162.56789
73.5751	161.85915
73.6001	161.74028
73.6251	162.08437
73.6501	162.91999
73.6751	164.41445
73.7001	166.98704
73.7251	171.4506
73.7501	180.27098
73.7751	205.07866
73.8001	293.75888
73.8251	474.27648
73.8501	447.58081
73.8751	273.56228
73.9001	201.6419
73.9251	183.38527
73.9501	179.09643
73.9751	183.13541
74.0001	204.07519
74.0251	255.87331
74.0501	308.67003
74.0751	272.26524
74.1001	211.13534
74.1251	180.32829
74.1501	169.27255
74.1751	164.82953
74.2001	162.43551
74.2251	160.94213
74.2501	159.95006
74.2751	159.2657
74.3001	158.78347
74.3251	158.43706
74.3501	158.12444
74.3751	157.97134
74.4001	157.8874
74.4251	157.8662
74.4501	157.90668
74.4751	158.013
74.5001	158.19358
74.5251	158.47067
74.5501	158.87362
74.5751	159.45479
74.6001	160.30469
74.6251	161.588
74.6501	163.68099
74.6751	167.18288
74.7001	174.2382
74.7251	195.24602
74.7501	266.84113
74.7751	387.12412
74.8001	338.84337
74.8251	227.19786
74.8501	185.10204
74.8751	174.3822
74.9001	171.9381
74.9251	175.01852
74.9501	189.61044
74.9751	225.01145
75.0001	261.06816
75.0251	237.42834
75.0501	195.63084
75.0751	174.12413
75.1001	166.36665
75.1251	163.34343
75.1501	161.80092
75.1751	160.9126
75.2001	160.39841
75.2251	160.12631
75.2501	160.02752
75.2751	160.06618
75.3001	160.22571
75.3251	160.50268
75.3501	160.90447
75.3751	161.44948
75.4001	162.22339
75.4251	163.15988
75.4501	164.41529
75.4751	166.11003
75.5001	168.46815
75.5251	171.89522
75.5501	177.19036
75.5751	186.16823
75.6001	205.11291
75.6251	265.40908
75.6501	444.42641
75.6751	624.64487
75.7001	443.49271
75.7251	281.21745
75.7501	239.87533
75.7751	249.28393
75.8001	311.11753
75.8251	543.58139
75.8501	1033.0031
75.8751	1062.93428
75.9001	672.31046
75.9251	417.05505
75.9501	291.6282
75.9751	242.68651
76.0001	234.4963
76.0251	265.62993
76.0501	367.25848
76.0751	522.97107
76.1001	516.0073
76.1251	352.3983
76.1501	244.06381
76.1751	200.8604
76.2001	184.52483
76.2251	176.39664
76.2501	171.3856
76.2751	168.04063
76.3001	165.67272
76.3251	163.92723
76.3501	162.59903
76.3751	161.56249
76.4001	160.73702
76.4251	160.06887
76.4501	159.55713
76.4751	159.10414
76.5001	158.72622
76.5251	158.38437
76.5501	158.11849
76.5751	157.89515
76.6001	157.70827
76.6251	157.55317
76.6501	157.42631
76.6751	157.3716
76.7001	157.29501
76.7251	157.24079
76.7501	157.20821
76.7751	157.19705
76.8001	157.2076
76.8251	157.24071
76.8501	157.29783
76.8751	157.38106
76.9001	157.49336
76.9251	157.63868
76.9501	157.82751
76.9751	158.06137
77.0001	158.34507
77.0251	158.69586
77.0501	159.13073
77.0751	159.67318
77.1001	160.3564
77.1251	161.22844
77.1501	162.36097
77.1751	163.86472
77.2001	165.91448
77.2251	168.80699
77.2501	173.11242
77.2751	179.88644
77.3001	191.48214
77.3251	215.14869
77.3501	286.60695
77.3751	519.41143
77.4001	877.38831
77.4251	700.03995
77.4501	369.05824
77.4751	244.54853
77.5001	211.55264
77.5251	202.76144
77.5501	207.66449
77.5751	237.81661
77.6001	322.30127
77.6251	452.34262
77.6501	457.90576
77.6751	329.58418
77.7001	245.53842
77.7251	230.87345
77.7501	285.02039
77.7751	357.47933
77.8001	287.32259
77.8251	210.21138
77.8501	183.00369
77.8751	174.90478
77.9001	172.20583
77.9251	173.18253
77.9501	181.26304
77.9751	203.6983
78.0001	235.06367
78.0251	230.42241
78.0501	197.19498
78.0751	176.06253
78.1001	167.77853
78.1251	164.78045
78.1501	163.54042
78.1751	163.05945
78.2001	163.07643
78.2251	163.51579
78.2501	164.39615
78.2751	165.82245
78.3001	168.01791
78.3251	171.3762
78.3501	176.90672
78.3751	186.66913
78.4001	208.31074
78.4251	278.85721
78.4501	480.56227
78.4751	664.66136
78.5001	452.62954
78.5251	273.99338
78.5501	219.73252
78.5751	209.55431
78.6001	215.22537
78.6251	239.88813
78.6501	321.91051
78.6751	574.25166
78.7001	972.58948
78.7251	842.08659
78.7501	457.22019
78.7751	281.33512
78.8001	226.23611
78.8251	208.08502
78.8501	205.17072
78.8751	221.06753
78.9001	277.2006
78.9251	383.68668
78.9501	433.04816
78.9751	332.82927
79.0001	237.91391
79.0251	194.34082
79.0501	177.99095
79.0751	170.61476
79.1001	166.31193
79.1251	163.47737
79.1501	161.49081
79.1751	160.03573
79.2001	158.93299
79.2251	158.07483
79.2501	157.3933
79.2751	156.84385
79.3001	156.40039
79.3251	156.03451
79.3501	155.73586
79.3751	155.49483
79.4001	155.30537
79.4251	155.16451
79.4501	155.07223
79.4751	155.03183
79.5001	155.05095
79.5251	155.14345
79.5501	155.33314
79.5751	155.66095
79.6001	156.19974
79.6251	157.08664
79.6501	158.60246
79.6751	161.43448
79.7001	168.30958
79.7251	191.48643
79.7501	251.58867
79.7751	288.19763
79.8001	224.46408
79.8251	179.71593
79.8501	165.7524
79.8751	161.74123
79.9001	160.62416
79.9251	161.85397
79.9501	167.83301
79.9751	183.77283
80.0001	207.26001
80.0251	207.17312
80.0501	183.17948
80.0751	166.54123
80.1001	159.69512
80.1251	157.21593
80.1501	156.17864
80.1751	155.74537
80.2001	155.72604
80.2251	156.19012
80.2501	157.28722
80.2751	159.56371
80.3001	165.35814
80.3251	185.06825
80.3501	236.45061
80.3751	269.34403
80.4001	214.90219
80.4251	175.47717
80.4501	162.9474
80.4751	159.29292
80.5001	158.22163
80.5251	159.01797
80.5501	163.50103
80.5751	176.03772
80.6001	196.33195
80.6251	200.06317
80.6501	179.91076
80.6751	164.17029
80.7001	157.2889
80.7251	154.6629
80.7501	153.41609
80.7751	152.66389
80.8001	152.15599
80.8251	151.79038
80.8501	151.51924
80.8751	151.302
80.9001	151.12546
80.9251	150.97799
80.9501	150.85194
80.9751	150.72918
81.0001	150.60945
81.0251	150.52264
81.0501	150.44367
81.0751	150.37108
81.1001	150.30374
81.1251	150.24078
81.1501	150.18151
81.1751	150.12541
81.2001	150.07203
81.2251	149.97486
81.2501	149.9269
81.2751	149.84531
81.3001	149.80684
81.3251	149.76807
81.3501	149.73053
81.3751	149.69114
81.4001	149.65299
81.4251	149.61603
81.4501	149.58024
81.4751	149.54564
81.5001	149.51038
81.5251	149.43444
81.5501	149.40438
81.5751	149.37573
81.6001	149.34861
81.6251	149.32319
81.6501	149.29973
81.6751	149.2785
81.7001	149.25991
81.7251	149.24446
81.7501	149.23281
81.7751	149.22583
81.8001	149.22472
81.8251	149.23109
81.8501	149.2472
81.8751	149.27628
81.9001	149.32312
81.9251	149.39495
81.9501	149.50326
81.9751	149.67793
82.0001	149.93098
82.0251	150.33621
82.0501	151.02501
82.0751	152.34394
82.1001	155.79068
82.1251	167.19145
82.1501	192.34178
82.1751	198.37857
82.2001	172.45395
82.2251	157.72699
82.2501	153.23608
82.2751	151.85054
82.3001	151.44098
82.3251	151.78271
82.3501	153.62592
82.3751	158.81373
82.4001	167.74486
82.4251	171.02036
82.4501	162.65868
82.4751	155.17795
82.5001	151.82305
82.5251	150.9289
82.5501	151.65968
82.5751	153.15818
82.6001	151.8793
82.6251	150.03224
82.6501	149.29612
82.6751	149.09155
82.7001	149.06744
82.7251	149.15922
82.7501	149.39716
82.7751	149.90943
82.8001	150.92007
82.8251	152.40968
82.8501	153.8447
82.8751	157.04159
82.9001	169.37296
82.9251	200.43558
82.9501	217.38796
82.9751	184.71979
83.0001	161.89788
83.0251	154.47573
83.0501	152.2335
83.0751	151.49507
83.1001	151.68949
83.1251	153.41881
83.1501	158.77909
83.1751	169.65002
83.2001	178.41433
83.2251	170.46934
83.2501	159.11865
83.2751	153.20175
83.3001	151.09305
83.3251	150.56879
83.3501	150.89394
83.3751	152.54292
83.4001	158.71171
83.4251	175.90081
83.4501	191.62887
83.4751	173.82241
83.5001	157.5005
83.5251	151.78215
83.5501	150.10155
83.5751	149.6376
83.6001	150.07585
83.6251	151.5142
83.6501	153.67721
83.6751	158.78287
83.7001	165.34421
83.7251	162.90439
83.7501	155.33149
83.7751	150.67783
83.8001	148.78624
83.8251	148.10679
83.8501	147.92021
83.8751	147.99199
83.9001	147.94458
83.9251	147.66469
83.9501	147.50205
83.9751	147.5227
84.0001	147.68643
84.0251	147.98664
84.0501	148.46869
84.0751	149.23783
84.1001	150.51096
84.1251	152.79698
84.1501	157.92466
84.1751	174.03105
84.2001	218.38261
84.2251	264.68513
84.2501	222.70276
84.2751	176.39369
84.3001	159.21374
84.3251	154.1218
84.3501	152.34849
84.3751	152.09651
84.4001	153.6083
84.4251	159.15893
84.4501	172.86951
84.4751	192.49976
84.5001	193.05046
84.5251	173.20918
84.5501	158.62155
84.5751	152.22716
84.6001	149.80828
84.6251	148.75629
84.6501	148.24679
84.6751	148.0569
84.7001	148.12232
84.7251	148.45129
84.7501	149.12167
84.7751	150.31794
84.8001	152.47813
84.8251	156.88081
84.8501	169.3055
84.8751	208.16066
84.9001	278.53062
84.9251	270.29381
84.9501	201.00614
84.9751	167.37214
85.0001	157.24036
85.0251	154.11081
85.0501	153.43387
85.0751	155.19582
85.1001	162.58496
85.1251	181.49146
85.1501	205.59215
85.1751	215.51634
85.2001	194.8014
85.2251	169.67387
85.2501	156.30671
85.2751	150.94189
85.3001	148.76999
85.3251	147.89323
85.3501	148.14759
85.3751	149.87523
85.4001	152.04681
85.4251	150.82336
85.4501	147.71971
85.4751	145.72459
85.5001	144.79931
85.5251	144.34959
85.5501	144.06822
85.5751	143.85477
85.6001	143.68839
85.6251	143.54925
85.6501	143.42906
85.6751	143.32265
85.7001	143.22664
85.7251	143.13872
85.7501	143.05724
85.7751	142.98099
85.8001	142.90907
85.8251	142.84077
85.8501	142.77041
85.8751	142.77312
85.9001	142.71431
85.9251	142.65829
85.9501	142.6034
85.9751	142.55018
86.0001	142.49846
86.0251	142.44813
86.0501	142.39907
86.0751	142.35034
86.1001	142.30137
86.1251	142.25579
86.1501	142.21124
86.1751	142.16769
86.2001	142.12514
86.2251	142.08355
86.2501	142.04294
86.2751	142.02145
86.3001	141.98313
86.3251	141.94582
86.3501	141.90951
86.3751	141.87129
86.4001	141.83737
86.4251	141.80466
86.4501	141.77326
86.4751	141.74325
86.5001	141.71473
86.5251	141.68784
86.5501	141.6627
86.5751	141.63942
86.6001	141.61839
86.6251	141.59974
86.6501	141.58377
86.6751	141.5708
86.7001	141.56124
86.7251	141.55559
86.7501	141.55445
86.7751	141.55926
86.8001	141.56952
86.8251	141.58709
86.8501	141.61343
86.8751	141.64274
86.9001	141.69217
86.9251	141.75906
86.9501	141.84696
86.9751	141.96228
87.0001	142.11419
87.0251	142.31626
87.0501	142.58932
87.0751	142.96674
87.1001	143.50473
87.1251	144.32209
87.1501	145.5765
87.1751	147.71081
87.2001	152.12072
87.2251	164.87628
87.2501	201.73861
87.2751	256.37371
87.3001	234.75989
87.3251	181.97518
87.3501	158.33456
87.3751	151.08637
87.4001	148.60544
87.4251	147.81821
87.4501	148.26332
87.4751	150.70331
87.5001	157.9139
87.5251	173.55824
87.5501	192.03466
87.5751	187.50066
87.6001	167.95137
87.6251	155.15052
87.6501	149.81968
87.6751	148.00474
87.7001	147.47823
87.7251	147.55191
87.7501	148.05235
87.7751	148.9548
87.8001	150.31274
87.8251	152.2557
87.8501	155.02575
87.8751	159.03809
87.9001	165.09322
87.9251	174.71216
87.9501	191.358
87.9751	226.66827
88.0001	330.78098
88.0251	621.15938
88.0501	1007.56912
88.0751	798.60502
88.1001	421.92638
88.1251	259.87066
88.1501	209.61203
88.1751	191.53736
88.2001	185.21272
88.2251	187.49535
88.2501	203.54781
88.2751	252.65543
88.3001	362.046
88.3251	499.8048
88.3501	480.92012
88.3751	335.56971
88.4001	233.44232
88.4251	187.51017
88.4501	168.94439
88.4751	159.93562
88.5001	154.53688
88.5251	150.94754
88.5501	148.42508
88.5751	146.5794
88.6001	145.18513
88.6251	144.10476
88.6501	143.25081
88.6751	142.56573
88.7001	142.01079
88.7251	141.55973
88.7501	141.19514
88.7751	140.90667
88.8001	140.69078
88.8251	140.55276
88.8501	140.51365
88.8751	140.64125
88.9001	141.22949
88.9251	143.26999
88.9501	147.59446
88.9751	148.9006
89.0001	144.56991
89.0251	141.88095
89.0501	141.14068
89.0751	141.16784
89.1001	141.54868
89.1251	142.26236
89.1501	143.43953
89.1751	145.41896
89.2001	148.92461
89.2251	155.19853
89.2501	166.93344
89.2751	197.4832
89.3001	280.21041
89.3251	380.30332
89.3501	314.20979
89.3751	212.99739
89.4001	169.76513
89.4251	156.05514
89.4501	150.95876
89.4751	149.0356
89.5001	149.35162
89.5251	152.97167
89.5501	164.41122
89.5751	191.22123
89.6001	230.19365
89.6251	236.67551
89.6501	198.77453
89.6751	166.86463
89.7001	151.35411
89.7251	145.00345
89.7501	142.04423
89.7751	140.31411
89.8001	139.16504
89.8251	138.35072
89.8501	137.74705
89.8751	137.28405
89.9001	136.92111
89.9251	136.63855
89.9501	136.45079
89.9751	136.43397
90.0001	136.58261