16.5001	318.66617
16.5251	324.55548
16.5501	333.4331
16.5751	346.43418
16.6001	366.97283
16.6251	406.09492
16.6501	453.75029
16.6751	413.48148
16.7001	372.22503
16.7251	336.70824
16.7501	318.53112
16.7751	313.47372
16.8001	311.5134
16.8251	310.33571
16.8501	309.50854
16.8751	308.87138
16.9001	308.34674
16.9251	307.89316
16.9501	307.48683
16.9751	307.11322
17.0001	306.76305
17.0251	306.4302
17.0501	306.11057
17.0751	305.80209
17.1001	305.50064
17.1251	305.20414
17.1501	304.91258
17.1751	304.62506
17.2001	304.34089
17.2251	304.05951
17.2501	303.78039
17.2751	303.50326
17.3001	303.22783
17.3251	302.95387
17.3501	302.68123
17.3751	302.40981
17.4001	302.13949
17.4251	301.87025
17.4501	301.6021
17.4751	301.33545
17.5001	301.07024
17.5251	300.80366
17.5501	300.53769
17.5751	300.27231
17.6001	300.00748
17.6251	299.74322
17.6501	299.47951
17.6751	299.21637
17.7001	298.95383
17.7251	298.69192
17.7501	298.43071
17.7751	298.1703
17.8001	297.91081
17.8251	297.65244
17.8501	297.39546
17.8751	297.14031
17.9001	296.88766
17.9251	296.63864
17.9501	296.39528
17.9751	296.16194
18.0001	295.95487
18.0251	295.84159
18.0501	295.90273
18.0751	296.16193
18.1001	296.69474
18.1251	297.70115
18.1501	299.84232
18.1751	302.46743
18.2001	299.79911
18.2251	297.37988
18.2501	295.12569
18.2751	293.60668
18.3001	292.99589
18.3251	292.62735
18.3501	292.31513
18.3751	292.02714
18.4001	291.75273
18.4251	291.48702
18.4501	291.22772
18.4751	290.97392
18.5001	290.72571
18.5251	290.48483
18.5501	290.26032
18.5751	290.08227
18.6001	289.96802
18.6251	289.9292
18.6501	290.00806
18.6751	290.33952
18.7001	291.0536
18.7251	290.70322
18.7501	289.77216
18.7751	289.19809
18.8001	288.73627
18.8251	288.95264
18.8501	290.38928
18.8751	293.34997
18.9001	298.16235
18.9251	305.85789
18.9501	319.76825
18.9751	344.3358
19.0001	342.27311
19.0251	319.60544
19.0501	306.47265
19.0751	292.64308
19.1001	287.49069
19.1251	285.9176
19.1501	285.08391
19.1751	284.49371
19.2001	284.02498
19.2251	283.6249
19.2501	283.26674
19.2751	282.93571
19.3001	282.62307
19.3251	282.32336
19.3501	282.03305
19.3751	281.74975
19.4001	281.47179
19.4251	281.19798
19.4501	280.92746
19.4751	280.6596
19.5001	280.39389
19.5251	280.12998
19.5501	279.86757
19.5751	279.60649
19.6001	279.34659
19.6251	279.0878
19.6501	278.83009
19.6751	278.57384
19.7001	278.31884
19.7251	278.06269
19.7501	277.8071
19.7751	277.55202
19.8001	277.29752
19.8251	277.04424
19.8501	276.79287
19.8751	276.54586
19.9001	276.30599
19.9251	276.0695
19.9501	275.84476
19.9751	275.6462
20.0001	275.4389
20.0251	275.12741
20.0501	274.84652
20.0751	274.55936
20.1001	274.28609
20.1251	274.02873
20.1501	273.77664
20.1751	273.52635
20.2001	273.27809
20.2251	273.03186
20.2501	272.78266
20.2751	272.53413
20.3001	272.28683
20.3251	272.04046
20.3501	271.79223
20.3751	271.54431
20.4001	271.29666
20.4251	271.04929
20.4501	270.8022
20.4751	270.55534
20.5001	270.30869
20.5251	270.06232
20.5501	269.81628
20.5751	269.57056
20.6001	269.32454
20.6251	269.08184
20.6501	268.83968
20.6751	268.59582
20.7001	268.35234
20.7251	268.10928
20.7501	267.86665
20.7751	267.62445
20.8001	267.38268
20.8251	267.14133
20.8501	266.90042
20.8751	266.65987
20.9001	266.41928
20.9251	266.17887
20.9501	265.9413
20.9751	265.70464
21.0001	265.46901
21.0251	265.23453
21.0501	265.00137
21.0751	264.76972
21.1001	264.53981
21.1251	264.31194
21.1501	264.08649
21.1751	263.86392
21.2001	263.64485
21.2251	263.43008
21.2501	263.22069
21.2751	263.01817
21.3001	262.82461
21.3251	262.64306
21.3501	262.47815
21.3751	262.33724
21.4001	262.23291
21.4251	262.18876
21.4501	262.26098
21.4751	262.69053
21.5001	264.27835
21.5251	267.67665
21.5501	273.49694
21.5751	284.15195
21.6001	304.65039
21.6251	312.87945
21.6501	291.19025
21.6751	284.99259
21.7001	273.93842
21.7251	268.91329
21.7501	272.19079
21.7751	280.99825
21.8001	299.13839
21.8251	326.43059
21.8501	312.45884
21.8751	293.17089
21.9001	283.236
21.9251	267.75115
21.9501	261.41155
21.9751	259.89509
22.0001	259.78097
22.0251	261.44148
22.0501	266.49518
22.0751	275.76195
22.1001	292.38187
22.1251	325.67147
22.1501	359.19876
22.1751	321.72958
22.2001	303.92582
22.2251	285.97101
22.2501	265.27606
22.2751	258.04507
22.3001	255.86084
22.3251	254.73087
22.3501	253.96619
22.3751	253.38742
22.4001	252.91528
22.4251	252.50912
22.4501	252.14621
22.4751	251.81298
22.5001	251.5009
22.5251	251.20436
22.5501	250.91954
22.5751	250.64378
22.6001	250.37515
22.6251	250.11224
22.6501	249.85401
22.6751	249.60002
22.7001	249.35192
22.7251	249.111
22.7501	248.88075
22.7751	248.68402
22.8001	248.47251
22.8251	248.23548
22.8501	248.00071
22.8751	247.76883
22.9001	247.54333
22.9251	247.31217
22.9501	247.08242
22.9751	246.85407
23.0001	246.62716
23.0251	246.40172
23.0501	246.17785
23.0751	245.95565
23.1001	245.7354
23.1251	245.51926
23.1501	245.30929
23.1751	245.10882
23.2001	244.93012
23.2251	244.77392
23.2501	244.57465
23.2751	244.38148
23.3001	244.20016
23.3251	244.03605
23.3501	243.88615
23.3751	243.76996
23.4001	243.68251
23.4251	243.61579
23.4501	243.62501
23.4751	243.78717
23.5001	244.45074
23.5251	246.73042
23.5501	251.58877
23.5751	260.32882
23.6001	278.03089
23.6251	301.48663
23.6501	284.55195
23.6751	270.37162
23.7001	264.50302
23.7251	250.52663
23.7501	243.93409
23.7751	242.05659
23.8001	241.24025
23.8251	240.73889
23.8501	240.34185
23.8751	240.02311
23.9001	239.75363
23.9251	239.5179
23.9501	239.30725
23.9751	239.11665
24.0001	238.94316
24.0251	238.78521
24.0501	238.6422
24.0751	238.51423
24.1001	238.40076
24.1251	238.30676
24.1501	238.237
24.1751	238.1874
24.2001	238.16215
24.2251	238.16699
24.2501	238.20756
24.2751	238.29112
24.3001	238.42707
24.3251	238.62778
24.3501	238.90974
24.3751	239.29529
24.4001	239.81537
24.4251	240.51387
24.4501	241.45486
24.4751	242.73523
24.5001	244.50803
24.5251	247.02854
24.5501	250.75472
24.5751	256.60414
24.6001	267.10491
24.6251	293.97323
24.6501	368.45914
24.6751	513.42045
24.7001	785.04186
24.7251	1321.75194
24.7501	1555.56211
24.7751	985.55486
24.8001	913.72758
24.8251	739.3529
24.8501	530.9772
24.8751	425.68776
24.9001	345.1487
24.9251	327.79719
24.9501	289.02196
24.9751	259.60932
25.0001	249.3739
25.0251	245.23947
25.0501	242.92691
25.0751	241.6238
25.1001	241.084
25.1251	241.26377
25.1501	242.28487
25.1751	244.50715
25.2001	248.84827
25.2251	258.96336
25.2501	289.81505
25.2751	362.06372
25.3001	496.25851
25.3251	770.57169
25.3501	1090.53901
25.3751	803.72896
25.4001	633.13084
25.4251	585.14486
25.4501	388.69617
25.4751	283.74197
25.5001	255.08776
25.5251	244.74304
25.5501	239.0343
25.5751	235.40126
25.6001	232.90145
25.6251	231.07685
25.6501	229.68522
25.6751	228.58503
25.7001	227.68972
25.7251	226.94408
25.7501	226.31184
25.7751	225.76959
25.8001	225.30268
25.8251	224.90319
25.8501	224.57733
25.8751	224.30434
25.9001	224.08425
25.9251	223.95177
25.9501	223.93337
25.9751	224.12085
26.0001	224.80875
26.0251	227.33035
26.0501	234.15459
26.0751	247.44266
26.1001	274.85902
26.1251	309.98063
26.1501	282.4115
26.1751	261.77129
26.2001	259.54427
26.2251	239.45812
26.2501	226.47385
26.2751	222.67437
26.3001	221.29942
26.3251	220.49566
26.3501	219.93556
26.3751	219.50956
26.4001	219.16333
26.4251	218.83613
26.4501	218.63568
26.4751	218.44433
26.5001	218.25196
26.5251	218.12094
26.5501	218.01513
26.5751	217.95545
26.6001	217.96153
26.6251	218.04572
26.6501	218.23325
26.6751	218.57405
26.7001	219.15848
26.7251	220.14173
26.7501	222.17417
26.7751	227.62843
26.8001	243.43204
26.8251	276.20698
26.8501	342.34896
26.8751	450.05271
26.9001	415.12957
26.9251	330.59587
26.9501	331.71807
26.9751	287.94166
27.0001	241.09289
27.0251	225.75322
27.0501	221.46408
27.0751	219.63096
27.1001	218.7347
27.1251	218.40369
27.1501	218.51082
27.1751	219.04941
27.2001	220.11272
27.2251	221.9321
27.2501	225.01481
27.2751	230.78215
27.3001	245.75165
27.3251	288.42279
27.3501	377.11898
27.3751	560.47153
27.4001	835.32544
27.4251	712.0147
27.4501	593.07351
27.4751	644.18455
27.5001	478.87997
27.5251	381.10361
27.5501	392.53262
27.5751	412.98725
27.6001	337.51885
27.6251	293.69724
27.6501	291.52077
27.6751	255.58525
27.7001	227.88693
27.7251	219.32139
27.7501	217.53285
27.7751	219.07429
27.8001	224.90643
27.8251	235.53645
27.8501	230.71813
27.8751	220.7801
27.9001	220.73324
27.9251	216.17295
27.9501	210.30908
27.9751	207.98734
28.0001	207.08177
28.0251	206.49773
28.0501	206.03387
28.0751	205.63725
28.1001	205.28321
28.1251	204.95622
28.1501	204.65576
28.1751	204.37222
28.2001	204.10211
28.2251	203.84355
28.2501	203.5954
28.2751	203.3591
28.3001	203.13207
28.3251	202.90168
28.3501	202.67611
28.3751	202.45483
28.4001	202.23774
28.4251	202.02491
28.4501	201.81852
28.4751	201.61375
28.5001	201.40753
28.5251	201.20277
28.5501	200.99869
28.5751	200.79205
28.6001	200.58689
28.6251	200.39092
28.6501	200.19644
28.6751	200.00384
28.7001	199.81377
28.7251	199.62789
28.7501	199.45042
28.7751	199.26278
28.8001	199.07611
28.8251	198.88992
28.8501	198.70403
28.8751	198.51716
28.9001	198.32816
28.9251	198.15405
28.9501	197.97531
28.9751	197.79806
29.0001	197.62256
29.0251	197.44887
29.0501	197.27659
29.0751	197.1061
29.1001	196.93589
29.1251	196.77408
29.1501	196.69605
29.1751	196.79194
29.2001	197.20357
29.2251	198.21691
29.2501	198.78036
29.2751	197.23184
29.3001	196.76948
29.3251	196.6485
29.3501	195.81746
29.3751	195.19719
29.4001	194.88934
29.4251	194.66191
29.4501	194.47849
29.4751	194.30165
29.5001	194.13242
29.5251	193.9709
29.5501	193.81371
29.5751	193.6675
29.6001	193.52085
29.6251	193.3724
29.6501	193.22709
29.6751	193.08583
29.7001	192.95171
29.7251	192.82909
29.7501	192.74453
29.7751	192.62284
29.8001	192.50781
29.8251	192.40058
29.8501	192.30208
29.8751	192.21663
29.9001	192.1456
29.9251	192.09255
29.9501	192.06237
29.9751	192.06232
30.0001	192.10312
30.0251	192.2013
30.0501	192.38233
30.0751	192.6548
30.1001	193.08868
30.1251	193.78175
30.1501	194.92784
30.1751	196.98882
30.2001	201.83718
30.2251	216.80174
30.2501	253.5942
30.2751	331.9911
30.3001	435.45052
30.3251	358.91629
30.3501	291.49827
30.3751	310.43094
30.4001	288.19924
30.4251	255.55867
30.4501	278.39364
30.4751	334.36183
30.5001	293.47253
30.5251	248.18609
30.5501	256.21679
30.5751	240.93524
30.6001	209.20983
30.6251	196.18532
30.6501	192.41188
30.6751	190.7106
30.7001	189.65035
30.7251	188.91196
30.7501	188.3628
30.7751	187.93626
30.8001	187.60083
30.8251	187.322
30.8501	187.08863
30.8751	186.89862
30.9001	186.75047
30.9251	186.6478
30.9501	186.60144
30.9751	186.63536
31.0001	186.80401
31.0251	187.27602
31.0501	188.84687
31.0751	193.65137
31.1001	204.62046
31.1251	224.97842
31.1501	226.28068
31.1751	205.26867
31.2001	204.96133
31.2251	205.89784
31.2501	195.68612
31.2751	189.17039
31.3001	187.45882
31.3251	187.12126
31.3501	187.1978
31.3751	187.55325
31.4001	188.19585
31.4251	189.20972
31.4501	190.7828
31.4751	193.32068
31.5001	197.98763
31.5251	210.09411
31.5501	245.27344
31.5751	326.01695
31.6001	478.07428
31.6251	504.60387
31.6501	349.86031
31.6751	353.20152
31.7001	401.96454
31.7251	425.65141
31.7501	587.72105
31.7751	929.58933
31.8001	828.25432
31.8251	502.56971
31.8501	530.43364
31.8751	526.98721
31.9001	344.01076
31.9251	239.43638
31.9501	209.85512
31.9751	199.54698
32.0001	194.02806
32.0251	190.6397
32.0501	188.41913
32.0751	187.00817
32.1001	186.1404
32.1251	185.90046
32.1501	187.00391
32.1751	191.48353
32.2001	202.37833
32.2251	220.36953
32.2501	215.95814
32.2751	203.91416
32.3001	216.2115
32.3251	247.59233
32.3501	309.81166
32.3751	412.30995
32.4001	359.28292
32.4251	269.84506
32.4501	283.38661
32.4751	280.75611
32.5001	225.16799
32.5251	194.13339
32.5501	185.26181
32.5751	182.05472
32.6001	180.26385
32.6251	179.0934
32.6501	178.26323
32.6751	177.63825
32.7001	177.14586
32.7251	176.74407
32.7501	176.40709
32.7751	176.11842
32.8001	175.86708
32.8251	175.64563
32.8501	175.44911
32.8751	175.27436
32.9001	175.11753
32.9251	174.97767
32.9501	174.8541
32.9751	174.74719
33.0001	174.65392
33.0251	174.57643
33.0501	174.51554
33.0751	174.47252
33.1001	174.44916
33.1251	174.44774
33.1501	174.47123
33.1751	174.52327
33.2001	174.60874
33.2251	174.73735
33.2501	174.91598
33.2751	175.15643
33.3001	175.47427
33.3251	175.89033
33.3501	176.43349
33.3751	177.14055
33.4001	178.11375
33.4251	179.45399
33.4501	181.31517
33.4751	183.94839
33.5001	187.94311
33.5251	194.49002
33.5501	207.23116
33.5751	243.454
33.6001	353.04134
33.6251	613.54237
33.6501	998.68929
33.6751	790.95554
33.7001	480.92699
33.7251	542.35684
33.7501	586.2142
33.7751	451.07747
33.8001	459.62504
33.8251	642.69568
33.8501	572.758
33.8751	362.64002
33.9001	374.06576
33.9251	404.37772
33.9501	308.28494
33.9751	234.31
34.0001	225.54921
34.0251	269.48267
34.0501	393.50513
34.0751	593.45078
34.1001	511.53056
34.1251	330.10841
34.1501	348.5723
34.1751	375.07917
34.2001	282.97152
34.2251	210.77133
34.2501	188.35315
34.2751	181.31158
34.3001	177.84201
34.3251	175.87478
34.3501	174.89827
34.3751	175.08801
34.4001	178.39569
34.4251	189.52746
34.4501	214.58141
34.4751	232.25517
34.5001	205.30642
34.5251	204.89406
34.5501	227.42984
34.5751	217.09094
34.6001	188.96014
34.6251	183.79096
34.6501	184.38543
34.6751	176.87215
34.7001	170.61256
34.7251	168.44578
34.7501	167.6249
34.7751	167.15036
34.8001	166.83775
34.8251	166.64673
34.8501	166.64484
34.8751	167.07586
34.9001	168.29492
34.9251	169.46375
34.9501	167.82628
34.9751	167.04402
35.0001	167.46446
35.0251	167.49507
35.0501	166.80395
35.0751	166.53208
35.1001	166.62321
35.1251	166.86124
35.1501	167.20658
35.1751	167.67533
35.2001	168.30137
35.2251	169.13636
35.2501	170.21832
35.2751	171.68256
35.3001	173.71368
35.3251	176.63098
35.3501	181.0307
35.3751	188.15355
35.4001	201.35169
35.4251	235.76756
35.4501	348.20214
35.4751	642.50526
35.5001	1117.2372
35.5251	946.22264
35.5501	508.91657
35.5751	540.40954
35.6001	647.39807
35.6251	476.87346
35.6501	293.47244
35.6751	245.31533
35.7001	281.46461
35.7251	424.71195
35.7501	709.07263
35.7751	730.5917
35.8001	412.3168
35.8251	379.80513
35.8501	458.39405
35.8751	389.76828
35.9001	254.92022
35.9251	200.40996
35.9501	185.83934
35.9751	181.22758
36.0001	182.37505
36.0251	196.49128
36.0501	240.26124
36.0751	317.05762
36.1001	297.1888
36.1251	220.08903
36.1501	220.7526
36.1751	240.76705
36.2001	217.51881
36.2251	184.05041
36.2501	171.85534
36.2751	168.76378
36.3001	167.95273
36.3251	168.24876
36.3501	169.57224
36.3751	172.57189
36.4001	180.00811
36.4251	203.98408
36.4501	272.41403
36.4751	406.79461
36.5001	443.61665
36.5251	397.44306
36.5501	386.17414
36.5751	337.19359
36.6001	307.85723
36.6251	277.28652
36.6501	240.223
36.6751	200.34491
36.7001	187.96383
36.7251	194.72638
36.7501	230.41861
36.7751	338.48211
36.8001	545.94849
36.8251	647.68955
36.8501	390.81997
36.8751	315.21774
36.9001	375.81127
36.9251	372.61212
36.9501	258.84348
36.9751	193.94734
37.0001	175.02094
37.0251	168.38698
37.0501	164.82071
37.0751	162.57383
37.1001	161.0484
37.1251	159.96194
37.1501	159.15326
37.1751	158.53131
37.2001	158.0451
37.2251	157.66176
37.2501	157.35751
37.2751	157.11317
37.3001	156.909
37.3251	156.77725
37.3501	156.71198
37.3751	156.67665
37.4001	156.68833
37.4251	156.7506
37.4501	156.8697
37.4751	157.05533
37.5001	157.32181
37.5251	157.68844
37.5501	158.18153
37.5751	158.8276
37.6001	159.75795
37.6251	161.13098
37.6501	163.29007
37.6751	167.21904
37.7001	177.61518
37.7251	208.81714
37.7501	277.72237
37.7751	316.10796
37.8001	242.6258
37.8251	230.52851
37.8501	282.55003
37.8751	397.22859
37.9001	665.06261
37.9251	1077.03749
37.9501	797.8888
37.9751	426.55854
38.0001	468.97681
38.0251	596.40805
38.0501	478.48461
38.0751	302.39096
38.1001	278.2636
38.1251	393.58024
38.1501	583.73439
38.1751	457.92195
38.2001	282.22404
38.2251	296.5011
38.2501	354.8922
38.2751	303.58876
38.3001	214.368
38.3251	179.44884
38.3501	169.88972
38.3751	166.54876
38.4001	165.98288
38.4251	169.36659
38.4501	185.68886
38.4751	236.21863
38.5001	317.60883
38.5251	282.40857
38.5501	205.63792
38.5751	207.12195
38.6001	233.28415
38.6251	221.10179
38.6501	186.32252
38.6751	177.60617
38.7001	198.29431
38.7251	261.33548
38.7501	334.07066
38.7751	323.75478
38.8001	254.78951
38.8251	226.70999
38.8501	243.35986
38.8751	235.94262
38.9001	200.70676
38.9251	170.56195
38.9501	159.49809
38.9751	155.97114
39.0001	154.32725
39.0251	153.38041
39.0501	152.81586
39.0751	152.504
39.1001	152.38338
39.1251	152.42943
39.1501	152.64177
39.1751	153.04104
39.2001	153.67228
39.2251	154.61566
39.2501	156.00991
39.2751	158.10208
39.3001	161.3609
39.3251	166.76757
39.3501	176.87171
39.3751	202.77476
39.4001	293.91266
39.4251	554.73315
39.4501	896.15142
39.4751	631.20763
39.5001	343.02459
39.5251	376.68553
39.5501	491.08713
39.5751	419.92543
39.6001	257.55892
39.6251	189.41467
39.6501	170.37568
39.6751	162.88615
39.7001	158.86285
39.7251	156.65415
39.7501	155.90832
39.7751	158.00997
39.8001	168.94494
39.8251	195.14575
39.8501	204.63568
39.8751	172.71734
39.9001	164.82288
39.9251	177.24007
39.9501	197.38438
39.9751	208.86099
40.0001	186.31196
40.0251	161.96684
40.0501	161.26215
40.0751	168.37788
40.1001	165.96928
40.1251	154.87488
40.1501	149.41756
40.1751	147.80752
40.2001	147.20953
40.2251	146.93078
40.2501	146.84381
40.2751	146.91786
40.3001	147.19978
40.3251	147.78947
40.3501	148.89639
40.3751	151.18466
40.4001	157.69196
40.4251	181.11233
40.4501	242.81909
40.4751	294.70026
40.5001	219.87323
40.5251	179.69789
40.5501	193.99639
40.5751	219.04047
40.6001	210.59564
40.6251	200.87156
40.6501	203.18877
40.6751	182.14954
40.7001	162.46915
40.7251	164.30109
40.7501	169.39486
40.7751	164.6167
40.8001	152.86521
40.8251	147.01977
40.8501	145.15027
40.8751	144.34014
40.9001	143.83219
40.9251	143.47056
40.9501	143.20401
40.9751	142.98457
41.0001	142.80104
41.0251	142.64295
41.0501	142.50363
41.0751	142.3786
41.1001	142.26481
41.1251	142.16025
41.1501	142.06372
41.1751	141.97259
41.2001	141.8869
41.2251	141.80609
41.2501	141.72907
41.2751	141.65066
41.3001	141.55082
41.3251	141.47671
41.3501	141.42354
41.3751	141.3804
41.4001	141.35405
41.4251	141.36019
41.4501	141.46166
41.4751	141.97424
41.5001	143.74379
41.5251	146.4397
41.5501	144.74665
41.5751	142.20364
41.6001	142.07789
41.6251	142.96294
41.6501	142.99845
41.6751	141.68095
41.7001	140.89514
41.7251	140.63126
41.7501	140.51112
41.7751	140.42832
41.8001	140.36405
41.8251	140.31929
41.8501	140.31924
41.8751	140.38752
41.9001	140.3504
41.9251	140.18206
41.9501	140.11704
41.9751	140.11646
42.0001	140.11499
42.0251	140.0532
42.0501	139.99995
42.0751	139.98595
42.1001	139.99894
42.1251	140.0399
42.1501	140.12566
42.1751	140.29951
42.2001	140.68792
42.2251	141.94433
42.2501	146.44968
42.2751	155.86293
42.3001	156.21505
42.3251	145.99564
42.3501	143.7987
42.3751	146.45053
42.4001	148.9471
42.4251	146.04624
42.4501	143.11955
42.4751	142.7843
42.5001	144.13373
42.5251	148.67467
42.5501	165.89027
42.5751	212.14245
42.6001	247.20314
42.6251	191.42368
42.6501	161.32434
42.6751	168.80756
42.7001	186.73723
42.7251	179.88508
42.7501	156.15259
42.7751	145.1036
42.8001	141.89969
42.8251	140.65731
42.8501	139.95829
42.8751	139.50435
42.9001	139.18705
42.9251	138.95262
42.9501	138.77201
42.9751	138.62857
43.0001	138.51204
43.0251	138.41644
43.0501	138.33825
43.0751	138.27596
43.1001	138.22996
43.1251	138.20309
43.1501	138.20235
43.1751	138.24309
43.2001	138.36182
43.2251	138.68237
43.2501	139.84788
43.2751	144.09539
43.3001	152.11005
43.3251	150.38916
43.3501	142.13886
43.3751	140.71263
43.4001	142.9056
43.4251	144.85947
43.4501	142.19196
43.4751	139.37283
43.5001	138.54794
43.5251	138.9933
43.5501	141.53255
43.5751	146.18517
43.6001	144.63793
43.6251	139.82601
43.6501	139.0523
43.6751	140.35568
43.7001	141.41562
43.7251	139.72888
43.7501	137.99925
43.7751	137.37184
43.8001	137.17007
43.8251	137.07532
43.8501	137.03523
43.8751	137.09039
43.9001	137.38748
43.9251	137.81719
43.9501	137.55887
43.9751	137.35564
44.0001	137.85207
44.0251	139.34515
44.0501	140.04727
44.0751	138.51755
44.1001	138.28212
44.1251	140.11714
44.1501	146.51745
44.1751	157.27637
44.2001	153.96637
44.2251	142.5497
44.2501	140.43949
44.2751	143.25568
44.3001	146.1981
44.3251	142.91907
44.3501	138.75678
44.3751	137.1839
44.4001	136.71811
44.4251	136.5423
44.4501	136.59264
44.4751	137.03991
44.5001	137.37708
44.5251	136.65605
44.5501	136.23481
44.5751	136.24549
44.6001	136.43034
44.6251	136.42058
44.6501	136.11389
44.6751	135.92419
44.7001	135.85435
44.7251	135.82259
44.7501	135.80443
44.7751	135.7945
44.8001	135.79797
44.8251	135.83021
44.8501	135.87581
44.8751	135.95861
44.9001	136.10757
44.9251	136.38945
44.9501	137.03223
44.9751	139.25114
45.0001	147.19914
45.0251	160.4192
45.0501	154.37049
45.0751	141.919
45.1001	140.17569
45.1251	143.98092
45.1501	148.42873
45.1751	145.15316
45.2001	139.25294
45.2251	136.8229
45.2501	136.3118
45.2751	136.36937
45.3001	136.3195
45.3251	135.91272
45.3501	135.77765
45.3751	135.72213
45.4001	135.42366
45.4251	135.28514
45.4501	135.2742
45.4751	135.31782
45.5001	135.29458
45.5251	135.19033
45.5501	135.13195
45.5751	135.1147
45.6001	135.11658
45.6251	135.12971
45.6501	135.15408
45.6751	135.19619
45.7001	135.26442
45.7251	135.37455
45.7501	135.55837
45.7751	135.88941
45.8001	136.619
45.8251	139.10231
45.8501	148.00837
45.8751	162.26154
45.9001	154.55866
45.9251	141.56995
45.9501	139.81282
45.9751	143.62016
46.0001	148.20784
46.0251	144.915
46.0501	139.41648
46.0751	137.1945
46.1001	137.02184
46.1251	138.40576
46.1501	143.98385
46.1751	153.97405
46.2001	150.88533
46.2251	140.9685
46.2501	139.05583
46.2751	141.48043
46.3001	145.11216
46.3251	143.90311
46.3501	140.56758
46.3751	140.02594
46.4001	141.84319
46.4251	147.26149
46.4501	167.9661
46.4751	235.02794
46.5001	305.07647
46.5251	225.4938
46.5501	166.23081
46.5751	164.8286
46.6001	190.93732
46.6251	211.51407
46.6501	181.99391
46.6751	152.50087
46.7001	142.13642
46.7251	139.0534
46.7501	137.73283
46.7751	137.20633
46.8001	137.88522
46.8251	140.48197
46.8501	140.88661
46.8751	137.35559
46.9001	136.02402
46.9251	136.27076
46.9501	137.26457
46.9751	137.39003
47.0001	136.08869
47.0251	135.29654
47.0501	135.08292
47.0751	135.07256
47.1001	135.15757
47.1251	135.34361
47.1501	135.6825
47.1751	136.30276
47.2001	137.58702
47.2251	141.4685
47.2501	156.60928
47.2751	190.28514
47.3001	190.26574
47.3251	154.39383
47.3501	143.99196
47.3751	148.64925
47.4001	160.49303
47.4251	161.21084
47.4501	147.03672
47.4751	138.864
47.5001	136.36926
47.5251	135.50802
47.5501	135.061
47.5751	134.78709
47.6001	134.60719
47.6251	134.48421
47.6501	134.39889
47.6751	134.34097
47.7001	134.30595
47.7251	134.29525
47.7501	134.32764
47.7751	134.51966
47.8001	135.19713
47.8251	135.92623
47.8501	135.12735
47.8751	134.52516
47.9001	134.51803
47.9251	134.79339
47.9501	135.10624
47.9751	134.93448
48.0001	134.67415
48.0251	134.63797
48.0501	134.72161
48.0751	134.8647
48.1001	135.06617
48.1251	135.34737
48.1501	135.7515
48.1751	136.35225
48.2001	137.30152
48.2251	138.94577
48.2501	142.39201
48.2751	153.59885
48.3001	195.57007
48.3251	266.94696
48.3501	233.75063
48.3751	167.98478
48.4001	155.40587
48.4251	170.64426
48.4501	201.5839
48.4751	199.1344
48.5001	163.63968
48.5251	146.51163
48.5501	143.12332
48.5751	145.09522
48.6001	151.41684
48.6251	169.82589
48.6501	189.5065
48.6751	164.04694
48.7001	145.33597
48.7251	143.78423
48.7501	150.6931
48.7751	159.7476
48.8001	154.74252
48.8251	145.29801
48.8501	143.00105
48.8751	147.61814
48.9001	170.23732
48.9251	226.46325
48.9501	237.83545
48.9751	185.22638
49.0001	176.8589
49.0251	172.73323
49.0501	178.89101
49.0751	187.35077
49.1001	169.10055
49.1251	156.29213
49.1501	149.73926
49.1751	142.03362
49.2001	138.16741
49.2251	136.87096
49.2501	136.02995
49.2751	135.44368
49.3001	135.13563
49.3251	134.97861
49.3501	134.90699
49.3751	134.78355
49.4001	134.61878
49.4251	134.51756
49.4501	134.46356
49.4751	134.43229
49.5001	134.416
49.5251	134.41134
49.5501	134.42166
49.5751	134.4513
49.6001	134.50577
49.6251	134.60388
49.6501	134.8168
49.6751	135.54291
49.7001	137.88775
49.7251	140.24793
49.7501	137.62929
49.7751	135.71472
49.8001	135.60721
49.8251	136.39788
49.8501	137.60927
49.8751	137.6259
49.9001	137.30781
49.9251	137.38562
49.9501	136.85045
49.9751	136.966
50.0001	137.69334
50.0251	139.03269
50.0501	141.17604
50.0751	144.70639
50.1001	154.63317
50.1251	194.83198
50.1501	294.11162
50.1751	310.28388
50.2001	202.31723
50.2251	162.64851
50.2501	167.0342
50.2751	197.62927
50.3001	223.89141
50.3251	193.37419
50.3501	159.09396
50.3751	146.74244
50.4001	143.99567
50.4251	144.56718
50.4501	149.94052
50.4751	174.30718
50.5001	231.65648
50.5251	231.87823
50.5501	171.92318
50.5751	153.31605
50.6001	157.82758
50.6251	177.87607
50.6501	198.2884
50.6751	202.17472
50.7001	243.21474
50.7251	297.0105
50.7501	241.41044
50.7751	173.12562
50.8001	160.96376
50.8251	175.77579
50.8501	202.16553
50.8751	203.36964
50.9001	170.3081
50.9251	149.22772
50.9501	143.0536
50.9751	142.42715
51.0001	141.03987
51.0251	138.57546
51.0501	137.60999
51.0751	137.45577
51.1001	137.84197
51.1251	138.202
51.1501	137.67153
51.1751	137.19337
51.2001	137.15939
51.2251	137.37786
51.2501	137.77324
51.2751	138.37796
51.3001	139.30377
51.3251	140.74616
51.3501	143.14972
51.3751	147.628
51.4001	158.72381
51.4251	201.73893
51.4501	330.87536
51.4751	408.17829
51.5001	256.47543
51.5251	178.03569
51.5501	172.2446
51.5751	203.89671
51.6001	254.81425
51.6251	239.76619
51.6501	181.57988
51.6751	153.24274
51.7001	144.68232
51.7251	141.5086
51.7501	139.82105
51.7751	138.79596
51.8001	138.13939
51.8251	137.70964
51.8501	137.43222
51.8751	137.26913
51.9001	137.19758
51.9251	137.20382
51.9501	137.29881
51.9751	137.52153
52.0001	138.08698
52.0251	139.67522
52.0501	141.62275
52.0751	140.84122
52.1001	140.59945
52.1251	142.03434
52.1501	145.20236
52.1751	152.31279
52.2001	174.10358
52.2251	240.85316
52.2501	335.46861
52.2751	315.30064
52.3001	206.46638
52.3251	173.7455
52.3501	193.23399
52.3751	241.32325
52.4001	257.10705
52.4251	220.36428
52.4501	175.44793
52.4751	161.32716
52.5001	170.86903
52.5251	172.74176
52.5501	155.90389
52.5751	146.96024
52.6001	143.606
52.6251	144.26612
52.6501	146.90011
52.6751	144.90736
52.7001	140.76795
52.7251	138.82761
52.7501	138.22678
52.7751	138.02821
52.8001	137.97854
52.8251	138.04146
52.8501	138.19955
52.8751	138.46096
52.9001	138.8511
52.9251	139.41974
52.9501	140.2641
52.9751	141.5717
53.0001	143.69796
53.0251	147.7158
53.0501	158.5344
53.0751	200.57283
53.1001	296.3019
53.1251	294.91799
53.1501	203.75747
53.1751	191.72691
53.2001	260.27036
53.2251	347.03179
53.2501	300.49006
53.2751	228.6343
53.3001	183.27444
53.3251	178.25409
53.3501	202.78848
53.3751	212.27452
53.4001	179.29051
53.4251	155.13411
53.4501	147.06576
53.4751	144.98089
53.5001	145.19986
53.5251	146.61427
53.5501	149.80803
53.5751	166.34193
53.6001	217.32941
53.6251	244.75978
53.6501	186.44492
53.6751	158.53347
53.7001	159.82317
53.7251	186.26384
53.7501	239.90886
53.7751	246.61458
53.8001	186.09378
53.8251	156.4636
53.8501	151.73241
53.8751	158.47022
53.9001	169.74384
53.9251	167.22784
53.9501	152.24641
53.9751	143.83707
54.0001	141.09465
54.0251	140.10645
54.0501	139.61701
54.0751	139.34794
54.1001	139.19819
54.1251	139.14064
54.1501	139.1604
54.1751	139.24678
54.2001	139.39869
54.2251	139.62312
54.2501	139.93638
54.2751	140.36752
54.3001	140.97925
54.3251	141.89239
54.3501	143.30507
54.3751	145.72577
54.4001	150.83047
54.4251	168.17858
54.4501	230.38702
54.4751	307.17242
54.5001	238.26325
54.5251	173.23297
54.5501	160.24022
54.5751	168.02573
54.6001	195.67192
54.6251	220.93342
54.6501	198.98966
54.6751	175.39235
54.7001	177.96915
54.7251	228.56224
54.7501	386.3983
54.7751	463.5004
54.8001	281.75272
54.8251	193.62895
54.8501	183.30448
54.8751	209.46111
54.9001	273.06996
54.9251	302.34064
54.9501	249.33387
54.9751	235.84523
55.0001	356.26531
55.0251	637.43012
55.0501	584.61177
55.0751	313.05872
55.1001	229.46084
55.1251	219.52567
55.1501	273.41967
55.1751	374.66875
55.2001	365.38007
55.2251	266.77307
55.2501	241.67907
55.2751	336.51671
55.3001	463.49756
55.3251	325.45016
55.3501	210.44436
55.3751	196.26542
55.4001	215.33763
55.4251	246.13685
55.4501	283.50318
55.4751	240.87791
55.5001	185.71454
55.5251	166.78484
55.5501	162.79707
55.5751	155.07551
55.6001	148.56898
55.6251	145.77214
55.6501	144.81868
55.6751	144.91416
55.7001	147.29474
55.7251	158.71804
55.7501	181.06455
55.7751	172.8269
55.8001	151.4786
55.8251	145.12904
55.8501	145.10861
55.8751	149.63134
55.9001	157.53648
55.9251	156.44546
55.9501	147.56864
55.9751	142.7398
56.0001	141.17567
56.0251	140.59374
56.0501	140.28191
56.0751	140.08723
56.1001	139.957
56.1251	139.87375
56.1501	139.82039
56.1751	139.78958
56.2001	139.7778
56.2251	139.78776
56.2501	139.80696
56.2751	139.84191
56.3001	139.89444
56.3251	139.96844
56.3501	140.0714
56.3751	140.22218
56.4001	140.50075
56.4251	141.16213
56.4501	142.04065
56.4751	142.16822
56.5001	143.5293
56.5251	148.68107
56.5501	152.88052
56.5751	148.46326
56.6001	147.16196
56.6251	151.44977
56.6501	171.50525
56.6751	222.58964
56.7001	229.02712
56.7251	176.04126
56.7501	154.51048
56.7751	151.8719
56.8001	158.9373
56.8251	176.84277
56.8501	187.2405
56.8751	178.14445
56.9001	194.78284
56.9251	225.4866
56.9501	188.59875
56.9751	157.13602
57.0001	149.9284
57.0251	151.43784
57.0501	161.56491
57.0751	176.03353
57.1001	170.31244
57.1251	154.44012
57.1501	147.40122
57.1751	147.5879
57.2001	151.76202
57.2251	149.92503
57.2501	145.05469
57.2751	143.58106
57.3001	143.63956
57.3251	144.72781
57.3501	146.94011
57.3751	148.12339
57.4001	147.64086
57.4251	149.67135
57.4501	161.44584
57.4751	194.97051
57.5001	207.80657
57.5251	172.59342
57.5501	157.78179
57.5751	159.81016
57.6001	177.95574
57.6251	246.41042
57.6501	356.70912
57.6751	299.54507
57.7001	196.69139
57.7251	166.13192
57.7501	164.15763
57.7751	180.86972
57.8001	216.60268
57.8251	223.39819
57.8501	184.59025
57.8751	159.22737
57.9001	150.73196
57.9251	148.00286
57.9501	146.82964
57.9751	146.32414
58.0001	146.25178
58.0251	146.57048
58.0501	147.47534
58.0751	149.34678
58.1001	151.46945
58.1251	154.99894
58.1501	165.42226
58.1751	184.88103
58.2001	222.55895
58.2251	285.49931
58.2501	383.22206
58.2751	387.79964
58.3001	252.923
58.3251	221.27126
58.3501	236.36304
58.3751	233.14111
58.4001	250.84592
58.4251	271.7917
58.4501	231.07821
58.4751	190.78699
58.5001	180.98386
58.5251	173.46507
58.5501	166.37432
58.5751	179.79185
58.6001	227.57729
58.6251	232.95103
58.6501	179.56359
58.6751	158.18734
58.7001	154.85614
58.7251	159.37572
58.7501	174.61928
58.7751	189.92245
58.8001	178.29683
58.8251	164.05892
58.8501	167.08241
58.8751	203.20865
58.9001	259.94547
58.9251	222.82338
58.9501	175.08205
58.9751	172.45148
59.0001	193.58463
59.0251	195.82296
59.0501	196.97343
59.0751	197.82989
59.1001	175.2908
59.1251	162.05505
59.1501	163.88596
59.1751	167.57266
59.2001	161.95079
59.2251	161.24584
59.2501	183.42003
59.2751	236.5955
59.3001	228.23388
59.3251	175.7866
59.3501	159.65544
59.3751	160.41306
59.4001	162.9646
59.4251	176.133
59.4501	189.53632
59.4751	174.81269
59.5001	157.52996
59.5251	151.4548
59.5501	149.55778
59.5751	147.22116
59.6001	145.66564
59.6251	144.97798
59.6501	144.67049
59.6751	144.52511
59.7001	144.60449
59.7251	145.24369
59.7501	145.70262
59.7751	144.83271
59.8001	144.36109
59.8251	144.30719
59.8501	144.41414
59.8751	144.72048
59.9001	145.25068
59.9251	145.64371
59.9501	146.24913
59.9751	149.44777
60.0001	160.05362
60.0251	167.50525
60.0501	155.29676
60.0751	148.24464
60.1001	147.10068
60.1251	148.47207
60.1501	154.66602
60.1751	165.45694
60.2001	162.66394
60.2251	152.8452
60.2501	150.03777
60.2751	153.88464
60.3001	157.65182
60.3251	154.01048
60.3501	152.33425
60.3751	149.93984
60.4001	148.32757
60.4251	148.99347
60.4501	151.27263
60.4751	152.02051
60.5001	151.01483
60.5251	151.68111
60.5501	155.05584
60.5751	165.42236
60.6001	206.68115
60.6251	301.19165
60.6501	296.33669
60.6751	201.95051
60.7001	166.77473
60.7251	161.02385
60.7501	167.38181
60.7751	191.68279
60.8001	222.94476
60.8251	208.35734
60.8501	174.23789
60.8751	158.36741
60.9001	155.00949
60.9251	159.70643
60.9501	171.21295
60.9751	176.99391
61.0001	182.39872
61.0251	166.69609
61.0501	154.03365
61.0751	151.82549
61.1001	154.52288
61.1251	159.20013
61.1501	162.03503
61.1751	162.17918
61.2001	155.57149
61.2251	150.40243
61.2501	148.61698
61.2751	148.37484
61.3001	148.91681
61.3251	151.06196
61.3501	159.84774
61.3751	179.05023
61.4001	176.7584
61.4251	158.71713
61.4501	152.95603
61.4751	153.7584
61.5001	161.02577
61.5251	188.54851
61.5501	231.51702
61.5751	208.64008
61.6001	169.12023
61.6251	156.06581
61.6501	153.80294
61.6751	156.98445
61.7001	167.88505
61.7251	179.5939
61.7501	173.10574
61.7751	161.38741
61.8001	153.01268
61.8251	149.7612
61.8501	148.78761
61.8751	148.54713
61.9001	148.91787
61.9251	149.98139
61.9501	150.84118
61.9751	151.81347
62.0001	154.24539
62.0251	154.14714
62.0501	156.77281
62.0751	160.72738
62.1001	156.3931
62.1251	154.53409
62.1501	157.46363
62.1751	166.03502
62.2001	196.36124
62.2251	278.251
62.2501	300.0036
62.2751	211.4129
62.3001	170.14806
62.3251	161.44983
62.3501	163.36612
62.3751	178.42911
62.4001	208.31884
62.4251	214.09767
62.4501	182.84288
62.4751	161.7304
62.5001	154.30432
62.5251	151.85691
62.5501	150.78306
62.5751	150.28493
62.6001	150.15672
62.6251	150.37528
62.6501	151.06483
62.6751	152.73949
62.7001	158.31561
62.7251	179.20739
62.7501	211.97651
62.7751	192.86903
62.8001	164.33078
62.8251	156.50331
62.8501	157.05337
62.8751	166.07425
62.9001	189.03249
62.9251	199.69029
62.9501	183.13101
62.9751	172.87993
63.0001	189.21883
63.0251	208.16577
63.0501	183.56552
63.0751	169.29266
63.1001	165.0252
63.1251	160.78324
63.1501	165.40526
63.1751	179.80557
63.2001	182.29823
63.2251	168.5049
63.2501	157.40792
63.2751	153.4271
63.3001	153.60092
63.3251	158.36472
63.3501	166.21161
63.3751	163.74382
63.4001	161.80464
63.4251	163.87656
63.4501	156.91133
63.4751	152.63984
63.5001	152.90162
63.5251	154.99679
63.5501	156.18038
63.5751	159.70912
63.6001	167.26135
63.6251	164.09142
63.6501	155.50074
63.6751	153.48877
63.7001	156.18755
63.7251	159.48114
63.7501	163.68129
63.7751	161.94393
63.8001	157.9459
63.8251	155.2108
63.8501	153.34469
63.8751	153.06102
63.9001	154.10998
63.9251	155.11318
63.9501	154.23753
63.9751	152.48956
64.0001	152.32086
64.0251	153.72074
64.0501	160.23388
64.0751	175.3582
64.1001	173.46419
64.1251	158.40382
64.1501	152.75152
64.1751	151.66137
64.2001	152.11346
64.2251	154.78243
64.2501	160.21013
64.2751	161.99089
64.3001	156.69683
64.3251	152.8689
64.3501	151.73505
64.3751	151.8972
64.4001	153.41811
64.4251	159.76942
64.4501	173.3012
64.4751	171.04891
64.5001	158.30566
64.5251	153.84171
64.5501	153.28743
64.5751	154.19455
64.6001	157.29883
64.6251	163.45628
64.6501	168.34605
64.6751	174.8184
64.7001	208.00078
64.7251	243.0188
64.7501	201.8928
64.7751	169.4837
64.8001	161.86318
64.8251	162.39214
64.8501	169.69055
64.8751	195.41664
64.9001	254.8541
64.9251	281.88112
64.9501	216.94189
64.9751	176.17011
65.0001	166.20897
65.0251	168.33235
65.0501	188.25138
65.0751	234.95414
65.1001	244.31408
65.1251	204.13354
65.1501	174.20493
65.1751	162.52153
65.2001	160.05134
65.2251	163.97539
65.2501	174.58271
65.2751	179.36182
65.3001	168.11379
65.3251	158.94829
65.3501	155.98371
65.3751	157.44491
65.4001	165.78783
65.4251	173.72221
65.4501	163.69178
65.4751	156.587
65.5001	157.0205
65.5251	161.14191
65.5501	160.02605
65.5751	158.6274
65.6001	161.22711
65.6251	160.11973
65.6501	156.21058
65.6751	154.86131
65.7001	155.94151
65.7251	156.78679
65.7501	156.08453
65.7751	157.4195
65.8001	166.86824
65.8251	189.425
65.8501	189.16206
65.8751	166.71307
65.9001	157.86678
65.9251	156.51379
65.9501	158.2692
65.9751	166.64103
66.0001	185.48285
66.0251	190.43002
66.0501	175.01856
66.0751	168.74656
66.1001	183.93735
66.1251	214.62413
66.1501	199.23667
66.1751	174.32417
66.2001	167.85909
66.2251	162.81627
66.2501	160.17157
66.2751	163.97194
66.3001	174.93238
66.3251	180.34016
66.3501	171.37171
66.3751	169.89003
66.4001	175.55748
66.4251	165.87424
66.4501	157.07088
66.4751	154.47176
66.5001	153.89261
66.5251	154.17349
66.5501	156.07997
66.5751	159.84338
66.6001	160.55118
66.6251	156.58881
66.6501	153.87768
66.6751	153.02773
66.7001	153.23011
66.7251	153.73128
66.7501	153.18388
66.7751	152.77758
66.8001	152.94975
66.8251	153.86093
66.8501	157.49291
66.8751	165.91453
66.9001	166.25848
66.9251	158.04021
66.9501	154.3656
66.9751	153.48808
67.0001	153.56068
67.0251	154.68898
67.0501	158.16835
67.0751	163.79611
67.1001	163.34551
67.1251	157.17391
67.1501	154.10523
67.1751	153.28478
67.2001	153.12579
67.2251	153.35783
67.2501	154.24402
67.2751	155.75779
67.3001	156.46991
67.3251	155.91164
67.3501	155.20088
67.3751	156.11656
67.4001	156.4644
67.4251	157.28906
67.4501	157.35496
67.4751	157.11995
67.5001	161.44115
67.5251	174.37064
67.5501	180.9408
67.5751	167.39578
67.6001	159.84808
67.6251	158.47006
67.6501	158.44409
67.6751	159.9369
67.7001	165.36136
67.7251	178.62759
67.7501	208.24747
67.7751	247.99852
67.8001	216.95664
67.8251	176.05818
67.8501	163.23778
67.8751	160.51395
67.9001	161.3299
67.9251	167.60469
67.9501	182.82428
67.9751	194.96015
68.0001	184.72247
68.0251	176.39883
68.0501	169.55969
68.0751	161.79072
68.1001	159.8669
68.1251	162.71848
68.1501	171.68644
68.1751	188.68975
68.2001	187.15111
68.2251	171.44795
68.2501	163.78582
68.2751	160.39284
68.3001	160.10537
68.3251	162.8799
68.3501	169.38568
68.3751	179.53243
68.4001	194.62422
68.4251	236.03283
68.4501	250.18449
68.4751	197.30106
68.5001	169.70799
68.5251	162.82349
68.5501	161.68707
68.5751	164.44259
68.6001	174.96765
68.6251	193.16649
68.6501	194.82396
68.6751	176.31125
68.7001	164.09208
68.7251	159.81162
68.7501	158.72218
68.7751	158.81772
68.8001	160.01891
68.8251	163.68827
68.8501	172.23271
68.8751	189.73106
68.9001	227.63632
68.9251	239.3073
68.9501	231.45674
68.9751	200.53428
69.0001	176.74418
69.0251	176.98361
69.0501	198.44342
69.0751	218.49015
69.1001	211.20171
69.1251	202.85341
69.1501	194.66825
69.1751	181.12326
69.2001	171.40957
69.2251	169.12174
69.2501	173.3102
69.2751	175.30663
69.3001	167.43311
69.3251	161.00714
69.3501	158.58893
69.3751	158.20986
69.4001	158.56965
69.4251	158.6157
69.4501	158.71609
69.4751	159.70854
69.5001	162.33073
69.5251	170.70272
69.5501	199.44364
69.5751	241.42425
69.6001	217.13455
69.6251	191.0697
69.6501	211.27179
69.6751	239.56259
69.7001	205.27203
69.7251	180.6591
69.7501	184.30141
69.7751	196.24111
69.8001	189.5055
69.8251	179.40648
69.8501	184.26395
69.8751	192.47496
69.9001	181.99883
69.9251	169.33701
69.9501	162.03043
69.9751	158.7003
70.0001	157.39431
70.0251	156.78902
70.0501	156.47645
70.0751	156.41732
70.1001	156.69441
70.1251	157.12847
70.1501	157.04358
70.1751	156.87523
70.2001	157.24315
70.2251	158.83262
70.2501	163.65748
70.2751	169.7465
70.3001	170.5507
70.3251	182.8705
70.3501	197.95371
70.3751	180.05268
70.4001	165.33102
70.4251	162.41441
70.4501	165.82993
70.4751	173.50423
70.5001	174.25638
70.5251	173.57022
70.5501	177.32216
70.5751	172.96462
70.6001	166.79977
70.6251	165.75038
70.6501	170.88423
70.6751	188.26375
70.7001	222.84728
70.7251	261.05772
70.7501	290.20801
70.7751	230.63382
70.8001	184.45205
70.8251	172.426
70.8501	172.44085
70.8751	176.74894
70.9001	189.11219
70.9251	206.60445
70.9501	220.91695
70.9751	210.84946
71.0001	193.82531
71.0251	178.69115
71.0501	172.19261
71.0751	172.9496
71.1001	180.9276
71.1251	215.10777
71.1501	309.60038
71.1751	354.91423
71.2001	258.00093
71.2251	205.27064
71.2501	201.22903
71.2751	222.51546
71.3001	216.05086
71.3251	202.56718
71.3501	224.17827
71.3751	248.64626
71.4001	222.94182
71.4251	192.00624
71.4501	183.37896
71.4751	192.64138
71.5001	200.74276
71.5251	184.04152
71.5501	168.54841
71.5751	162.83274
71.6001	161.04916
71.6251	160.55024
71.6501	161.10728
71.6751	163.49018
71.7001	168.22044
71.7251	173.34466
71.7501	177.97645
71.7751	174.55763
71.8001	176.59633
71.8251	205.41796
71.8501	264.0899
71.8751	247.91624
71.9001	192.515
71.9251	172.73736
71.9501	170.02122
71.9751	169.28485
72.0001	169.39886
72.0251	177.91774
72.0501	197.42724
72.0751	205.62753
72.1001	185.95009
72.1251	169.44263
72.1501	162.72736
72.1751	160.49804
72.2001	159.6455
72.2251	159.34388
72.2501	159.40047
72.2751	159.79031
72.3001	160.6043
72.3251	162.09739
72.3501	165.00537
72.3751	172.62227
72.4001	197.35565
72.4251	248.95671
72.4501	279.62377
72.4751	253.55081
72.5001	198.68479
72.5251	176.5368
72.5501	172.48052
72.5751	175.62076
72.6001	188.8713
72.6251	227.99312
72.6501	310.75672
72.6751	358.39939
72.7001	266.79927
72.7251	199.62987
72.7501	178.05103
72.7751	172.32469
72.8001	172.74193
72.8251	182.29636
72.8501	213.65433
72.8751	258.03183
72.9001	239.43831
72.9251	195.33814
72.9501	173.88167
72.9751	166.78513
73.0001	164.72997
73.0251	165.22772
73.0501	169.39152
73.0751	179.11271
73.1001	190.76165
73.1251	196.33871
73.1501	184.29244
73.1751	178.38173
73.2001	195.28615
73.2251	233.79423
73.2501	255.7399
73.2751	262.06571
73.3001	214.93653
73.3251	186.89661
73.3501	179.15388
73.3751	173.85667
73.4001	175.22066
73.4251	186.71047
73.4501	201.79605
73.4751	210.76138
73.5001	209.15709
73.5251	194.03009
73.5501	175.28581
73.5751	166.32578
73.6001	164.25014
73.6251	165.99168
73.6501	175.94799
73.6751	197.64015
73.7001	196.90533
73.7251	179.70358
73.7501	172.09145
73.7751	167.90965
73.8001	167.3713
73.8251	171.55056
73.8501	188.06618
73.8751	241.41636
73.9001	312.14333
73.9251	262.36328
73.9501	198.06953
73.9751	176.35233
74.0001	172.4326
74.0251	178.91699
74.0501	195.35665
74.0751	201.69616
74.1001	212.30573
74.1251	220.97944
74.1501	198.94757
74.1751	179.0126
74.2001	172.99529
74.2251	179.87969
74.2501	200.72099
74.2751	208.36822
74.3001	196.90382
74.3251	215.248
74.3501	290.89037
74.3751	320.10823
74.4001	233.99605
74.4251	187.71327
74.4501	178.86674
74.4751	180.84559
74.5001	179.41607
74.5251	179.82255
74.5501	195.66741
74.5751	224.58103
74.6001	223.46454
74.6251	192.02427
74.6501	171.78762
74.6751	164.35205
74.7001	162.64041
74.7251	161.60265
74.7501	159.34274
74.7751	157.99967
74.8001	157.38122
74.8251	157.03449
74.8501	156.83124
74.8751	156.79125
74.9001	157.00744
74.9251	157.4558
74.9501	157.51054
74.9751	157.14227
75.0001	157.04708
75.0251	157.34475
75.0501	157.99273
75.0751	159.19295
75.1001	162.31641
75.1251	173.43105
75.1501	202.51659
75.1751	217.05618
75.2001	185.8477
75.2251	166.58568
75.2501	161.35333
75.2751	160.68053
75.3001	161.60301
75.3251	162.89926
75.3501	168.50568
75.3751	179.57486
75.4001	182.86151
75.4251	172.5741
75.4501	166.07912
75.4751	169.88549
75.5001	180.71076
75.5251	175.21879
75.5501	163.96344
75.5751	160.13705
75.6001	160.90779
75.6251	161.70652
75.6501	159.76867
75.6751	159.95188
75.7001	163.88723
75.7251	169.9664
75.7501	171.95456
75.7751	167.56896
75.8001	161.16109
75.8251	159.00629
75.8501	158.47091
75.8751	157.45652
75.9001	156.865
75.9251	157.1128
75.9501	158.16198
75.9751	159.57246
76.0001	159.60552
76.0251	158.20519
76.0501	157.48171
76.0751	157.63934
76.1001	158.44364
76.1251	160.05214
76.1501	163.38045
76.1751	173.22609
76.2001	206.71351
76.2251	265.77344
76.2501	247.36258
76.2751	191.54497
76.3001	169.29268
76.3251	163.45271
76.3501	161.93637
76.3751	162.78985
76.4001	168.07415
76.4251	182.62308
76.4501	203.54354
76.4751	202.13629
76.5001	182.83501
76.5251	171.54143
76.5501	165.87926
76.5751	160.50723
76.6001	157.94646
76.6251	157.0294
76.6501	156.7783
76.6751	157.08446
76.7001	158.47392
76.7251	163.00288
76.7501	171.89093
76.7751	171.95642
76.8001	162.46346
76.8251	157.60622
76.8501	156.124
76.8751	155.68656
76.9001	155.70626
76.9251	156.37088
76.9501	158.70596
76.9751	163.80745
77.0001	166.61804
77.0251	161.32037
77.0501	157.06071
77.0751	155.477
77.1001	155.00494
77.1251	154.97716
77.1501	155.61979
77.1751	157.5012
77.2001	158.70526
77.2251	157.79275
77.2501	156.30325
77.2751	155.07459
77.3001	154.50505
77.3251	154.35985
77.3501	154.55644
77.3751	155.45974
77.4001	157.10269
77.4251	157.3791
77.4501	155.98838
77.4751	154.67282
77.5001	154.11968
77.5251	153.93164
77.5501	153.86395
77.5751	153.91109
77.6001	154.16103
77.6251	154.61821
77.6501	154.75671
77.6751	154.40888
77.7001	153.9859
77.7251	153.74342
77.7501	153.6423
77.7751	153.59888
77.8001	153.58355
77.8251	153.58958
77.8501	153.61969
77.8751	153.64313
77.9001	153.63985
77.9251	153.65088
77.9501	153.68293
77.9751	153.73702
78.0001	153.81356
78.0251	153.9185
78.0501	154.06409
78.0751	154.27215
78.1001	154.57749
78.1251	155.05626
78.1501	155.90022
78.1751	157.87614
78.2001	163.70891
78.2251	175.7754
78.2501	181.73495
78.2751	176.25087
78.3001	187.56249
78.3251	208.7482
78.3501	190.52846
78.3751	168.5514
78.4001	161.41681
78.4251	161.27962
78.4501	164.81921
78.4751	168.65059
78.5001	168.16827
78.5251	169.67209
78.5501	176.56776
78.5751	176.40518
78.6001	166.84385
78.6251	160.2078
78.6501	157.63547
78.6751	156.98002
78.7001	157.02151
78.7251	157.31069
78.7501	157.98031
78.7751	159.51325
78.8001	163.24994
78.8251	172.22603
78.8501	186.2385
78.8751	207.70191
78.9001	254.75607
78.9251	262.86805
78.9501	225.10454
78.9751	239.18594
79.0001	256.11959
79.0251	213.37932
79.0501	190.81401
79.0751	187.98405
79.1001	187.74512
79.1251	197.97028
79.1501	211.84941
79.1751	207.12802
79.2001	203.52199
79.2251	209.93388
79.2501	210.84391
79.2751	221.27134
79.3001	235.95546
79.3251	201.36763
79.3501	173.24444
79.3751	163.52464
79.4001	160.94363
79.4251	160.93693
79.4501	161.88489
79.4751	163.85296
79.5001	169.55786
79.5251	180.11973
79.5501	180.26626
79.5751	168.17308
79.6001	159.64581
79.6251	156.06623
79.6501	154.75475
79.6751	154.29548
79.7001	154.18435
79.7251	153.80187
79.7501	153.20686
79.7751	152.80044
79.8001	152.57305
79.8251	152.43653
79.8501	152.3513
79.8751	152.31897
79.9001	152.40966
79.9251	152.9173
79.9501	154.07897
79.9751	154.13051
80.0001	152.86312
80.0251	152.20406
80.0501	151.99678
80.0751	151.9234
80.1001	151.90274
80.1251	151.93903
80.1501	152.09551
80.1751	152.47078
80.2001	152.9442
80.2251	152.99622
80.2501	153.21514
80.2751	154.18437
80.3001	153.9903
80.3251	152.9304
80.3501	152.61474
80.3751	152.97801
80.4001	153.97951
80.4251	154.45532
80.4501	153.96798
80.4751	154.18614
80.5001	155.33752
80.5251	157.12214
80.5501	159.05022
80.5751	164.11887
80.6001	179.51654
80.6251	210.16304
80.6501	246.75038
80.6751	255.1046
80.7001	202.88782
80.7251	172.16046
80.7501	163.37164
80.7751	161.23996
80.8001	161.05476
80.8251	164.53022
80.8501	175.00489
80.8751	195.41436
80.9001	220.07762
80.9251	214.90239
80.9501	185.6769
80.9751	168.86623
81.0001	164.6601
81.0251	170.70085
81.0501	190.74922
81.0751	202.37642
81.1001	185.25431
81.1251	180.0626
81.1501	180.8197
81.1751	180.11583
81.2001	169.98395
81.2251	160.9089
81.2501	158.9787
81.2751	162.6661
81.3001	170.62645
81.3251	174.20525
81.3501	169.65627
81.3751	166.74533
81.4001	164.80141
81.4251	162.17082
81.4501	158.33562
81.4751	155.00321
81.5001	153.47134
81.5251	153.2211
81.5501	154.05849
81.5751	157.43827
81.6001	167.83476
81.6251	182.89152
81.6501	175.2239
81.6751	160.60474
81.7001	154.53286
81.7251	152.71383
81.7501	152.12804
81.7751	152.07942
81.8001	152.66951
81.8251	154.71847
81.8501	159.44643
81.8751	164.82797
81.9001	162.77785
81.9251	157.50667
81.9501	155.00292
81.9751	155.17729
82.0001	158.13726
82.0251	169.18925
82.0501	198.57353
82.0751	220.59068
82.1001	190.07286
82.1251	165.64583
82.1501	157.54329
82.1751	155.23175
82.2001	154.78567
82.2251	155.75654
82.2501	159.6796
82.2751	172.00259
82.3001	196.35606
82.3251	204.74338
82.3501	183.5416
82.3751	166.36955
82.4001	159.81721
82.4251	159.49954
82.4501	165.64793
82.4751	187.25105
82.5001	224.41342
82.5251	222.2721
82.5501	189.32135
82.5751	172.08632
82.6001	162.25302
82.6251	156.85976
82.6501	154.74448
82.6751	154.92688
82.7001	158.15331
82.7251	166.87416
82.7501	179.62955
82.7751	181.24857
82.8001	168.19186
82.8251	157.84234
82.8501	153.24177
82.8751	151.58787
82.9001	151.13814
82.9251	151.61916
82.9501	152.48816
82.9751	152.08411
83.0001	152.09728
83.0251	154.21339
83.0501	161.73781
83.0751	178.46341
83.1001	185.11528
83.1251	170.1132
83.1501	165.80408
83.1751	177.24735
83.2001	181.35914
83.2251	165.60849
83.2501	156.15933
83.2751	154.08592
83.3001	156.12779
83.3251	161.53688
83.3501	165.71495
83.3751	162.27851
83.4001	159.4947
83.4251	162.50757
83.4501	168.1203
83.4751	170.66107
83.5001	167.28001
83.5251	157.44013
83.5501	152.32886
83.5751	150.87029
83.6001	150.63587
83.6251	150.96645
83.6501	152.27233
83.6751	156.17663
83.7001	166.01323
83.7251	180.38675
83.7501	196.39089
83.7751	209.50193
83.8001	203.41599
83.8251	186.1211
83.8501	165.24459
83.8751	156.75925
83.9001	155.82052
83.9251	156.95664
83.9501	157.95449
83.9751	161.98157
84.0001	168.30599
84.0251	177.89516
84.0501	186.2154
84.0751	185.31747
84.1001	168.91793
84.1251	157.94674
84.1501	154.33052
84.1751	152.18533
84.2001	150.28474
84.2251	149.02216
84.2501	148.74661
84.2751	149.89957
84.3001	153.14489
84.3251	156.03476
84.3501	153.84874
84.3751	150.95622
84.4001	149.78167
84.4251	148.42351
84.4501	147.24508
84.4751	146.67137
84.5001	146.48225
84.5251	146.56139
84.5501	146.92148
84.5751	147.38781
84.6001	147.42234
84.6251	147.41261
84.6501	147.8571
84.6751	148.8246
84.7001	151.11931
84.7251	154.67321
84.7501	157.96546
84.7751	170.33096
84.8001	191.66235
84.8251	184.2372
84.8501	166.46512
84.8751	166.54675
84.9001	177.60013
84.9251	171.22938
84.9501	158.70843
84.9751	154.84645
85.0001	156.7807
85.0251	165.22402
85.0501	180.01534
85.0751	180.1092
85.1001	166.90086
85.1251	159.30834
85.1501	159.61645
85.1751	160.75443
85.2001	156.73811
85.2251	153.94908
85.2501	154.53835
85.2751	154.36985
85.3001	156.01486
85.3251	160.55249
85.3501	165.78253
85.3751	164.33214
85.4001	155.71027
85.4251	152.33445
85.4501	155.55859
85.4751	168.63372
85.5001	185.76701
85.5251	175.73798
85.5501	159.73724
85.5751	154.15594
85.6001	155.00371
85.6251	158.16551
85.6501	159.7298
85.6751	164.21146
85.7001	186.05029
85.7251	238.76828
85.7501	263.72301
85.7751	215.58679
85.8001	177.84357
85.8251	162.50245
85.8501	159.98689
85.8751	167.91855
85.9001	178.32544
85.9251	170.51221
85.9501	165.94031
85.9751	177.37282
86.0001	196.65475
86.0251	193.13708
86.0501	171.82499
86.0751	157.8277
86.1001	152.78554
86.1251	153.32227
86.1501	157.76165
86.1751	163.01846
86.2001	167.56778
86.2251	170.30298
86.2501	164.5646
86.2751	157.35411
86.3001	150.39006
86.3251	146.73858
86.3501	145.2399
86.3751	144.6837
86.4001	144.67703
86.4251	145.42324
86.4501	147.59772
86.4751	151.40338
86.5001	154.19533
86.5251	155.60714
86.5501	157.58516
86.5751	153.60492
86.6001	147.99496
86.6251	146.10141
86.6501	147.57293
86.6751	154.20824
86.7001	164.32287
86.7251	159.91272
86.7501	150.18117
86.7751	146.52847
86.8001	146.77345
86.8251	148.21738
86.8501	148.69553
86.8751	150.22972
86.9001	151.54158
86.9251	149.42213
86.9501	150.03431
86.9751	152.47827
87.0001	150.89507
87.0251	147.63309
87.0501	146.50337
87.0751	148.81497
87.1001	158.10587
87.1251	175.29584
87.1501	179.26707
87.1751	167.19597
87.2001	153.44401
87.2251	146.90653
87.2501	144.74644
87.2751	144.53483
87.3001	145.52062
87.3251	146.08424
87.3501	146.97704
87.3751	150.97509
87.4001	157.32356
87.4251	159.61194
87.4501	157.08992
87.4751	157.49538
87.5001	171.02051
87.5251	192.56449
87.5501	180.44592
87.5751	158.38162
87.6001	148.74435
87.6251	145.40005
87.6501	144.12811
87.6751	143.835
87.7001	144.42014
87.7251	146.69425
87.7501	152.48319
87.7751	161.12557
87.8001	168.79913
87.8251	170.96003
87.8501	175.36716
87.8751	181.95408
87.9001	186.13662
87.9251	188.58446
87.9501	170.14426
87.9751	154.79304
88.0001	150.30832
88.0251	148.30566
88.0501	146.57709
88.0751	145.76915
88.1001	147.2208
88.1251	151.82729
88.1501	157.30614
88.1751	160.4586
88.2001	161.48642
88.2251	155.83072
88.2501	148.66511
88.2751	144.86468
88.3001	143.02552
88.3251	141.86924
88.3501	141.76985
88.3751	143.32683
88.4001	145.52692
88.4251	144.42481
88.4501	143.8501
88.4751	148.13587
88.5001	157.67391
88.5251	157.84462
88.5501	148.07334
88.5751	142.86491
88.6001	141.14351
88.6251	140.7287
88.6501	141.19486
88.6751	142.15203
88.7001	142.52531
88.7251	142.89601
88.7501	145.08344
88.7751	149.73157
88.8001	155.3108
88.8251	164.161
88.8501	182.32827
88.8751	184.75662
88.9001	167.10017
88.9251	159.41798
88.9501	164.77604
88.9751	160.62797
89.0001	149.50985
89.0251	144.35099
89.0501	143.53698
89.0751	145.62402
89.1001	151.4288
89.1251	159.82197
89.1501	165.5924
89.1751	167.11477
89.2001	171.36685
89.2251	169.80859
89.2501	168.53564
89.2751	178.16337
89.3001	184.87268
89.3251	165.09979
89.3501	149.63533
89.3751	144.23564
89.4001	142.80979
89.4251	142.44384
89.4501	143.47604
89.4751	146.25152
89.5001	147.97493
89.5251	147.74908
89.5501	150.65883
89.5751	155.56922
89.6001	153.1079
89.6251	145.9175
89.6501	141.16411
89.6751	139.06537
89.7001	138.26678
89.7251	137.9861
89.7501	137.99976
89.7751	138.33001
89.8001	139.3294
89.8251	142.03999
89.8501	147.02527
89.8751	150.44191
89.9001	156.74966
89.9251	168.60387
89.9501	162.89473
89.9751	152.26375
90.0001	153.26525