16.5001	0
16.5251	0
16.5501	0
16.5751	0
16.6001	0
16.6251	0
16.6501	0
16.6751	0
16.7001	0
16.7251	0
16.7501	0
16.7751	0
16.8001	0
16.8251	0
16.8501	0
16.8751	0
16.9001	0
16.9251	0
16.9501	0
16.9751	0
17.0001	0
17.0251	0
17.0501	0
17.0751	0
17.1001	0
17.1251	0
17.1501	0
17.1751	0
17.2001	0
17.2251	0
17.2501	0
17.2751	0
17.3001	0
17.3251	0
17.3501	0
17.3751	0
17.4001	0
17.4251	301.74922
17.4501	301.48639
17.4751	301.22396
17.5001	300.9621
17.5251	300.70111
17.5501	300.44189
17.5751	300.18847
17.6001	299.92641
17.6251	299.66447
17.6501	299.40264
17.6751	299.14092
17.7001	298.87933
17.7251	298.61785
17.7501	298.3565
17.7751	298.09526
17.8001	297.83416
17.8251	297.57318
17.8501	297.31248
17.8751	297.05221
17.9001	296.79251
17.9251	296.53362
17.9501	296.2762
17.9751	296.02483
18.0001	295.7668
18.0251	295.5075
18.0501	295.24839
18.0751	294.98947
18.1001	294.73075
18.1251	294.47224
18.1501	294.21394
18.1751	293.95585
18.2001	293.69801
18.2251	293.4404
18.2501	293.18305
18.2751	292.92596
18.3001	292.66915
18.3251	292.41264
18.3501	292.15644
18.3751	291.90058
18.4001	291.64506
18.4251	291.38993
18.4501	291.13519
18.4751	290.88089
18.5001	290.62706
18.5251	290.37373
18.5501	290.12095
18.5751	289.86877
18.6001	289.61723
18.6251	289.36642
18.6501	289.1164
18.6751	288.86726
18.7001	288.61909
18.7251	288.37203
18.7501	288.12619
18.7751	287.88175
18.8001	287.63889
18.8251	287.39786
18.8501	287.15893
18.8751	286.92243
18.9001	286.68879
18.9251	286.4585
18.9501	286.23222
18.9751	286.01074
19.0001	285.7951
19.0251	285.58661
19.0501	285.38701
19.0751	285.19863
19.1001	285.02462
19.1251	284.86936
19.1501	284.73911
19.1751	284.64308
19.2001	284.59537
19.2251	284.61865
19.2501	284.75181
19.2751	285.06837
19.3001	285.74716
19.3251	287.58322
19.3501	293.09591
19.3751	304.02705
19.4001	321.68065
19.4251	350.37006
19.4501	403.76062
19.4751	485.66159
19.5001	451.5447
19.5251	388.61561
19.5501	346.7398
19.5751	304.01566
19.6001	289.09861
19.6251	284.80832
19.6501	282.73281
19.6751	281.41547
19.7001	280.4807
19.7251	279.76347
19.7501	279.17956
19.7751	278.68216
19.8001	278.24347
19.8251	277.84611
19.8501	277.47872
19.8751	277.13363
19.9001	276.80549
19.9251	276.49048
19.9501	276.18581
19.9751	275.88942
20.0001	275.59972
20.0251	275.31551
20.0501	275.03586
20.0751	274.76
20.1001	274.48737
20.1251	274.21748
20.1501	273.94994
20.1751	273.68444
20.2001	273.42071
20.2251	273.15853
20.2501	272.89774
20.2751	272.63816
20.3001	272.37968
20.3251	272.12217
20.3501	271.86555
20.3751	271.60974
20.4001	271.35466
20.4251	271.10025
20.4501	270.84646
20.4751	270.59325
20.5001	270.34057
20.5251	270.08839
20.5501	269.83667
20.5751	269.58539
20.6001	269.33452
20.6251	269.08405
20.6501	268.83395
20.6751	268.5842
20.7001	268.33479
20.7251	268.0857
20.7501	267.83693
20.7751	267.58846
20.8001	267.34028
20.8251	267.09238
20.8501	266.84475
20.8751	266.59738
20.9001	266.35028
20.9251	266.10343
20.9501	265.85682
20.9751	265.61037
21.0001	265.36389
21.0251	265.1173
21.0501	264.8704
21.0751	264.62274
21.1001	264.37183
21.1251	264.12237
21.1501	263.87834
21.1751	263.63546
21.2001	263.3943
21.2251	263.15613
21.2501	262.9284
21.2751	262.69676
21.3001	262.45428
21.3251	262.21171
21.3501	261.96889
21.3751	261.72546
21.4001	261.48011
21.4251	261.23206
21.4501	260.99163
21.4751	260.75144
21.5001	260.51148
21.5251	260.27175
21.5501	260.03227
21.5751	259.79333
21.6001	259.55561
21.6251	259.31967
21.6501	259.08683
21.6751	258.86456
21.7001	258.6386
21.7251	258.40219
21.7501	258.16614
21.7751	257.93044
21.8001	257.69513
21.8251	257.4602
21.8501	257.22569
21.8751	256.9916
21.9001	256.75796
21.9251	256.52478
21.9501	256.2921
21.9751	256.05993
22.0001	255.82831
22.0251	255.59727
22.0501	255.36684
22.0751	255.13706
22.1001	254.90797
22.1251	254.67962
22.1501	254.45208
22.1751	254.22538
22.2001	253.99962
22.2251	253.77485
22.2501	253.55117
22.2751	253.32868
22.3001	253.10749
22.3251	252.88773
22.3501	252.66954
22.3751	252.45309
22.4001	252.23858
22.4251	252.02624
22.4501	251.81634
22.4751	251.60918
22.5001	251.40514
22.5251	251.20465
22.5501	251.00823
22.5751	250.81652
22.6001	250.63028
22.6251	250.45043
22.6501	250.27812
22.6751	250.11478
22.7001	249.96217
22.7251	249.82259
22.7501	249.69893
22.7751	249.59499
22.8001	249.51582
22.8251	249.46819
22.8501	249.46143
22.8751	249.50868
22.9001	249.62897
22.9251	249.85076
22.9501	250.21845
22.9751	250.80484
23.0001	251.73779
23.0251	253.265
23.0501	256.00335
23.0751	262.68173
23.1001	282.0618
23.1251	321.38053
23.1501	390.12788
23.1751	526.18467
23.2001	726.05804
23.2251	619.37178
23.2501	487.80755
23.2751	441.59834
23.3001	328.59689
23.3251	273.78864
23.3501	259.06622
23.3751	253.44214
23.4001	250.24293
23.4251	248.16135
23.4501	246.69423
23.4751	245.59489
23.5001	244.72993
23.5251	244.02181
23.5501	243.4228
23.5751	242.90218
23.6001	242.43939
23.6251	242.02025
23.6501	241.63472
23.6751	241.27549
23.7001	240.93717
23.7251	240.61569
23.7501	240.30795
23.7751	240.01152
23.8001	239.72452
23.8251	239.44542
23.8501	239.17304
23.8751	238.90637
23.9001	238.64462
23.9251	238.38713
23.9501	238.13335
23.9751	237.88282
24.0001	237.63516
24.0251	237.39003
24.0501	237.14716
24.0751	236.90632
24.1001	236.6673
24.1251	236.42992
24.1501	236.19403
24.1751	235.95951
24.2001	235.72622
24.2251	235.49408
24.2501	235.26298
24.2751	235.03287
24.3001	234.80365
24.3251	234.57528
24.3501	234.34769
24.3751	234.12084
24.4001	233.89469
24.4251	233.66919
24.4501	233.44431
24.4751	233.22001
24.5001	232.99628
24.5251	232.77308
24.5501	232.55038
24.5751	232.32817
24.6001	232.10644
24.6251	231.88515
24.6501	231.6643
24.6751	231.44386
24.7001	231.22384
24.7251	231.0042
24.7501	230.7849
24.7751	230.5653
24.8001	230.34493
24.8251	230.12308
24.8501	229.8974
24.8751	229.65941
24.9001	229.44331
24.9251	229.22749
24.9501	229.01194
24.9751	228.79666
25.0001	228.58166
25.0251	228.36692
25.0501	228.15244
25.0751	227.93773
25.1001	227.72225
25.1251	227.50541
25.1501	227.28559
25.1751	227.05855
25.2001	226.83676
25.2251	226.62492
25.2501	226.41331
25.2751	226.20192
25.3001	225.99074
25.3251	225.77979
25.3501	225.56907
25.3751	225.35856
25.4001	225.14828
25.4251	224.93821
25.4501	224.72838
25.4751	224.51876
25.5001	224.30937
25.5251	224.1002
25.5501	223.89125
25.5751	223.68253
25.6001	223.47403
25.6251	223.26576
25.6501	223.05771
25.6751	222.85026
25.7001	222.64552
25.7251	222.44563
25.7501	222.25722
25.7751	222.09307
25.8001	221.88824
25.8251	221.6837
25.8501	221.47948
25.8751	221.27556
25.9001	221.07195
25.9251	220.86866
25.9501	220.66569
25.9751	220.46305
26.0001	220.26075
26.0251	220.05958
26.0501	219.86103
26.0751	219.66723
26.1001	219.49172
26.1251	219.30407
26.1501	219.10896
26.1751	218.9198
26.2001	218.74823
26.2251	218.58352
26.2501	218.38883
26.2751	218.19476
26.3001	218.00133
26.3251	217.80856
26.3501	217.6165
26.3751	217.42517
26.4001	217.2346
26.4251	217.04485
26.4501	216.85595
26.4751	216.66874
26.5001	216.48478
26.5251	216.30626
26.5501	216.14694
26.5751	215.97538
26.6001	215.79434
26.6251	215.61467
26.6501	215.43647
26.6751	215.25985
26.7001	215.08494
26.7251	214.91187
26.7501	214.74079
26.7751	214.57187
26.8001	214.4053
26.8251	214.2413
26.8501	214.08012
26.8751	213.92204
26.9001	213.76737
26.9251	213.61647
26.9501	213.46977
26.9751	213.32776
27.0001	213.19098
27.0251	213.0601
27.0501	212.93589
27.0751	212.81923
27.1001	212.71122
27.1251	212.61311
27.1501	212.52645
27.1751	212.45308
27.2001	212.39528
27.2251	212.35583
27.2501	212.33819
27.2751	212.34671
27.3001	212.38694
27.3251	212.46601
27.3501	212.59323
27.3751	212.78102
27.4001	213.04618
27.4251	213.41199
27.4501	213.9115
27.4751	214.59306
27.5001	215.52994
27.5251	216.8381
27.5501	218.7113
27.5751	221.49715
27.6001	225.8853
27.6251	233.62174
27.6501	252.34066
27.6751	308.18072
27.7001	431.43447
27.7251	681.75392
27.7501	1096.64641
27.7751	980.02851
27.8001	640.81586
27.8251	657.49963
27.8501	519.42523
27.8751	326.32731
27.9001	258.22693
27.9251	241.04732
27.9501	235.76128
27.9751	236.71364
28.0001	249.04282
28.0251	292.10525
28.0501	386.8734
28.0751	584.92628
28.1001	842.78471
28.1251	644.28858
28.1501	485.77903
28.1751	503.70429
28.2001	382.49533
28.2251	268.37
28.2501	232.10549
28.2751	221.21341
28.3001	215.82046
28.3251	212.48053
28.3501	210.21143
28.3751	208.56634
28.4001	207.31244
28.4251	206.31788
28.4501	205.503
28.4751	204.81717
28.5001	204.22695
28.5251	203.71274
28.5501	203.26285
28.5751	202.8783
28.6001	202.56591
28.6251	202.21641
28.6501	201.89092
28.6751	201.58548
28.7001	201.29701
28.7251	201.02303
28.7501	200.76156
28.7751	200.51099
28.8001	200.27001
28.8251	200.03755
28.8501	199.81272
28.8751	199.59479
28.9001	199.38317
28.9251	199.17737
28.9501	198.97697
28.9751	198.78167
29.0001	198.5912
29.0251	198.40537
29.0501	198.22404
29.0751	198.04713
29.1001	197.8746
29.1251	197.70644
29.1501	197.54273
29.1751	197.38355
29.2001	197.22905
29.2251	197.07945
29.2501	196.935
29.2751	196.79602
29.3001	196.66291
29.3251	196.53614
29.3501	196.41629
29.3751	196.3039
29.4001	196.19801
29.4251	196.09774
29.4501	196.00006
29.4751	195.8815
29.5001	195.82495
29.5251	195.78385
29.5501	195.76064
29.5751	195.75824
29.6001	195.78032
29.6251	195.83141
29.6501	195.9172
29.6751	196.04475
29.7001	196.22147
29.7251	196.45728
29.7501	196.76234
29.7751	197.13145
29.8001	197.6708
29.8251	198.36413
29.8501	199.31266
29.8751	200.57329
29.9001	202.2764
29.9251	204.63041
29.9501	207.98715
29.9751	212.98452
30.0001	220.90108
30.0251	234.96773
30.0501	269.08008
30.0751	373.77439
30.1001	621.93302
30.1251	1146.31906
30.1501	1747.05329
30.1751	1176.21203
30.2001	820.70926
30.2251	920.85394
30.2501	685.40218
30.2751	373.61709
30.3001	263.10823
30.3251	232.17094
30.3501	218.34313
30.3751	210.20174
30.4001	204.90991
30.4251	201.24012
30.4501	198.56634
30.4751	196.54028
30.5001	194.95483
30.5251	193.68019
30.5501	192.63144
30.5751	191.751
30.6001	190.99871
30.6251	190.34588
30.6501	189.77459
30.6751	189.27372
30.7001	188.85412
30.7251	188.46063
30.7501	188.07692
30.7751	187.72185
30.8001	187.39092
30.8251	187.08045
30.8501	186.78747
30.8751	186.50956
30.9001	186.24468
30.9251	185.99116
30.9501	185.74759
30.9751	185.51278
31.0001	185.28574
31.0251	185.06561
31.0501	184.85165
31.0751	184.64324
31.1001	184.44096
31.1251	184.24862
31.1501	184.07318
31.1751	183.93726
31.2001	183.75236
31.2251	183.57081
31.2501	183.39239
31.2751	183.21693
31.3001	183.04428
31.3251	182.87435
31.3501	182.70708
31.3751	182.54247
31.4001	182.38067
31.4251	182.22202
31.4501	182.06757
31.4751	181.92182
31.5001	181.80247
31.5251	181.73856
31.5501	181.77685
31.5751	181.79501
31.6001	181.42116
31.6251	181.19886
31.6501	181.12751
31.6751	180.97484
31.7001	180.73573
31.7251	180.56534
31.7501	180.42436
31.7751	180.29191
31.8001	180.16416
31.8251	180.037
31.8501	179.906
31.8751	179.75926
31.9001	179.58353
31.9251	179.48001
31.9501	179.38129
31.9751	179.28789
32.0001	179.2004
32.0251	179.11954
32.0501	179.04618
32.0751	178.98407
32.1001	178.94017
32.1251	178.9335
32.1501	178.93439
32.1751	178.88993
32.2001	178.82966
32.2251	178.85817
32.2501	178.91176
32.2751	178.9956
32.3001	179.11632
32.3251	179.28251
32.3501	179.50547
32.3751	179.80035
32.4001	180.18781
32.4251	180.6967
32.4501	181.36828
32.4751	182.26343
32.5001	183.47515
32.5251	185.15183
32.5501	187.54328
32.5751	191.10008
32.6001	196.71426
32.6251	206.49357
32.6501	228.6363
32.6751	298.79923
32.7001	487.50744
32.7251	897.41798
32.7501	1267.98302
32.7751	770.03763
32.8001	565.46875
32.8251	677.92567
32.8501	569.11041
32.8751	329.95602
32.9001	233.32605
32.9251	206.99415
32.9501	196.20696
32.9751	190.051
33.0001	186.12804
33.0251	183.45985
33.0501	181.55774
33.0751	180.15431
33.1001	179.09317
33.1251	178.27817
33.1501	177.64806
33.1751	177.16303
33.2001	176.79714
33.2251	176.53407
33.2501	176.3646
33.2751	176.28526
33.3001	176.29788
33.3251	176.40965
33.3501	176.6341
33.3751	176.99275
33.4001	177.51819
33.4251	178.25936
33.4501	179.29043
33.4751	180.72681
33.5001	182.75495
33.5251	185.69191
33.5501	190.11511
33.5751	197.18059
33.6001	209.68601
33.6251	238.81263
33.6501	331.9255
33.6751	584.9624
33.7001	1119.91402
33.7251	1439.13107
33.7501	796.84918
33.7751	625.05104
33.8001	770.38939
33.8251	633.0465
33.8501	352.25008
33.8751	238.87732
33.9001	207.62259
33.9251	194.75471
33.9501	187.37629
33.9751	182.63803
34.0001	179.37978
34.0251	177.02079
34.0501	175.24208
34.0751	173.85586
34.1001	172.74534
34.1251	171.83458
34.1501	171.07237
34.1751	170.42306
34.2001	169.86123
34.2251	169.36828
34.2501	168.93038
34.2751	168.53705
34.3001	168.1802
34.3251	167.85366
34.3501	167.55533
34.3751	167.28657
34.4001	167.06131
34.4251	166.81583
34.4501	166.58256
34.4751	166.35564
34.5001	166.12664
34.5251	165.87335
34.5501	165.6817
34.5751	165.49687
34.6001	165.3181
34.6251	165.14474
34.6501	164.97625
34.6751	164.81213
34.7001	164.65198
34.7251	164.49544
34.7501	164.34009
34.7751	164.18145
34.8001	164.0079
34.8251	163.82267
34.8501	163.68817
34.8751	163.57562
34.9001	163.45829
34.9251	163.32517
34.9501	163.19386
34.9751	163.06428
35.0001	162.93634
35.0251	162.80997
35.0501	162.68512
35.0751	162.56171
35.1001	162.43973
35.1251	162.31911
35.1501	162.19985
35.1751	162.08191
35.2001	161.96528
35.2251	161.84995
35.2501	161.73592
35.2751	161.62321
35.3001	161.51182
35.3251	161.40177
35.3501	161.29309
35.3751	161.18582
35.4001	161.08002
35.4251	160.97549
35.4501	160.86831
35.4751	160.75241
35.5001	160.58981
35.5251	160.48432
35.5501	160.39147
35.5751	160.30064
35.6001	160.21203
35.6251	160.12583
35.6501	160.04228
35.6751	159.96167
35.7001	159.88429
35.7251	159.80979
35.7501	159.73368
35.7751	159.64869
35.8001	159.52193
35.8251	159.47012
35.8501	159.42501
35.8751	159.38766
35.9001	159.35936
35.9251	159.34168
35.9501	159.33654
35.9751	159.34637
36.0001	159.37421
36.0251	159.42394
36.0501	159.50056
36.0751	159.61062
36.1001	159.76284
36.1251	159.96903
36.1501	160.24555
36.1751	160.61553
36.2001	161.11272
36.2251	161.78786
36.2501	162.72043
36.2751	164.04097
36.3001	165.97731
36.3251	168.95939
36.3501	173.89311
36.3751	183.26436
36.4001	208.54636
36.4251	293.46836
36.4501	517.01675
36.4751	834.40521
36.5001	624.33976
36.5251	363.18839
36.5501	406.50712
36.5751	479.62422
36.6001	355.71203
36.6251	228.78073
36.6501	186.4298
36.6751	174.01854
36.7001	168.21092
36.7251	164.7347
36.7501	162.44784
36.7751	160.84416
36.8001	159.6629
36.8251	158.75795
36.8501	158.04193
36.8751	157.45982
36.9001	156.97546
36.9251	156.56425
36.9501	156.20899
36.9751	155.89834
37.0001	155.62775
37.0251	155.41152
37.0501	155.19088
37.0751	154.98374
37.1001	154.79205
37.1251	154.61334
37.1501	154.44563
37.1751	154.28734
37.2001	154.13718
37.2251	153.99407
37.2501	153.85716
37.2751	153.72571
37.3001	153.59913
37.3251	153.4769
37.3501	153.3586
37.3751	153.24389
37.4001	153.13247
37.4251	153.0241
37.4501	152.91854
37.4751	152.81563
37.5001	152.71525
37.5251	152.61727
37.5501	152.52162
37.5751	152.42824
37.6001	152.33709
37.6251	152.24816
37.6501	152.16144
37.6751	152.07698
37.7001	151.99481
37.7251	151.91502
37.7501	151.8377
37.7751	151.76298
37.8001	151.69102
37.8251	151.622
37.8501	151.55618
37.8751	151.49382
37.9001	151.43528
37.9251	151.38096
37.9501	151.33131
37.9751	151.28693
38.0001	151.24852
38.0251	151.21692
38.0501	151.19316
38.0751	151.1785
38.1001	151.17446
38.1251	151.18298
38.1501	151.20646
38.1751	151.24795
38.2001	151.31135
38.2251	151.40159
38.2501	151.52253
38.2751	151.67794
38.3001	151.86489
38.3251	152.15976
38.3501	152.55096
38.3751	153.07451
38.4001	153.78539
38.4251	154.77115
38.4501	156.17862
38.4751	158.27068
38.5001	161.56029
38.5251	167.18717
38.5501	178.77059
38.5751	214.0885
38.6001	332.86858
38.6251	608.51025
38.6501	757.51753
38.6751	422.52541
38.7001	309.22088
38.7251	389.09097
38.7501	433.15724
38.7751	303.37999
38.8001	204.27366
38.8251	173.25948
38.8501	163.55793
38.8751	158.76109
38.9001	155.84135
38.9251	153.90922
38.9501	152.56848
38.9751	151.55535
39.0001	150.77713
39.0251	150.16057
39.0501	149.6592
39.0751	149.24231
39.1001	148.88891
39.1251	148.58421
39.1501	148.31756
39.1751	148.08111
39.2001	147.86896
39.2251	147.67664
39.2501	147.50067
39.2751	147.33835
39.3001	147.18755
39.3251	147.04659
39.3501	146.91417
39.3751	146.78933
39.4001	146.67173
39.4251	146.56506
39.4501	146.48498
39.4751	146.41697
39.5001	146.39835
39.5251	146.49895
39.5501	146.5225
39.5751	146.18951
39.6001	146.0066
39.6251	145.9726
39.6501	145.93452
39.6751	145.76823
39.7001	145.60708
39.7251	145.50068
39.7501	145.41477
39.7751	145.33468
39.8001	145.25759
39.8251	145.18271
39.8501	145.10966
39.8751	145.03825
39.9001	144.96836
39.9251	144.89993
39.9501	144.83291
39.9751	144.76728
40.0001	144.70306
40.0251	144.64025
40.0501	144.57888
40.0751	144.519
40.1001	144.46066
40.1251	144.40393
40.1501	144.34889
40.1751	144.29566
40.2001	144.24435
40.2251	144.19511
40.2501	144.1481
40.2751	144.10353
40.3001	144.06164
40.3251	144.02269
40.3501	143.98702
40.3751	143.95502
40.4001	143.92714
40.4251	143.90342
40.4501	143.88077
40.4751	143.84757
40.5001	143.82555
40.5251	143.83032
40.5501	143.84472
40.5751	143.87057
40.6001	143.91011
40.6251	143.96623
40.6501	144.04261
40.6751	144.14406
40.7001	144.27694
40.7251	144.44869
40.7501	144.66662
40.7751	144.93859
40.8001	145.3085
40.8251	145.82234
40.8501	146.5186
40.8751	147.48572
40.9001	148.87439
40.9251	150.96006
40.9501	154.2943
40.9751	160.1598
41.0001	173.0782
41.0251	215.83664
41.0501	359.36791
41.0751	629.0006
41.1001	584.30663
41.1251	304.72346
41.1501	268.28812
41.1751	351.0983
41.2001	384.2231
41.2251	269.22535
41.2501	187.91874
41.2751	162.76314
41.3001	154.71441
41.3251	150.68048
41.3501	148.21584
41.3751	146.57687
41.4001	145.42016
41.4251	144.56544
41.4501	143.91019
41.4751	143.39247
41.5001	142.97287
41.5251	142.62534
41.5501	142.33202
41.5751	142.08032
41.6001	141.86116
41.6251	141.66784
41.6501	141.49531
41.6751	141.33973
41.7001	141.1981
41.7251	141.06811
41.7501	140.94788
41.7751	140.83592
41.8001	140.73101
41.8251	140.63217
41.8501	140.53858
41.8751	140.44955
41.9001	140.36453
41.9251	140.28303
41.9501	140.20465
41.9751	140.12905
42.0001	140.05593
42.0251	139.98503
42.0501	139.91614
42.0751	139.84907
42.1001	139.78365
42.1251	139.71974
42.1501	139.65721
42.1751	139.59595
42.2001	139.53586
42.2251	139.47685
42.2501	139.41884
42.2751	139.36178
42.3001	139.30558
42.3251	139.2502
42.3501	139.1956
42.3751	139.14171
42.4001	139.08851
42.4251	139.03596
42.4501	138.98401
42.4751	138.93265
42.5001	138.88185
42.5251	138.83158
42.5501	138.78181
42.5751	138.73253
42.6001	138.68372
42.6251	138.63536
42.6501	138.58743
42.6751	138.53993
42.7001	138.49282
42.7251	138.44611
42.7501	138.39979
42.7751	138.35383
42.8001	138.30823
42.8251	138.26299
42.8501	138.21808
42.8751	138.17351
42.9001	138.12898
42.9251	138.08083
42.9501	138.01497
42.9751	137.96071
43.0001	137.91874
43.0251	137.87703
43.0501	137.83557
43.0751	137.79436
43.1001	137.75374
43.1251	137.71548
43.1501	137.67725
43.1751	137.63713
43.2001	137.59645
43.2251	137.55064
43.2501	137.47955
43.2751	137.44127
43.3001	137.40319
43.3251	137.36532
43.3501	137.32765
43.3751	137.29019
43.4001	137.25293
43.4251	137.21588
43.4501	137.17905
43.4751	137.14241
43.5001	137.10598
43.5251	137.06976
43.5501	137.03375
43.5751	136.99795
43.6001	136.96235
43.6251	136.92703
43.6501	136.89278
43.6751	136.86184
43.7001	136.82722
43.7251	136.79282
43.7501	136.75864
43.7751	136.72467
43.8001	136.69093
43.8251	136.6574
43.8501	136.6241
43.8751	136.59102
43.9001	136.55817
43.9251	136.52554
43.9501	136.49315
43.9751	136.46098
44.0001	136.42905
44.0251	136.39735
44.0501	136.36589
44.0751	136.33468
44.1001	136.30371
44.1251	136.273
44.1501	136.24254
44.1751	136.21233
44.2001	136.1824
44.2251	136.15274
44.2501	136.12335
44.2751	136.09425
44.3001	136.06736
44.3251	136.05402
44.3501	136.03828
44.3751	136.01111
44.4001	135.98431
44.4251	135.9579
44.4501	135.9319
44.4751	135.90632
44.5001	135.88119
44.5251	135.85655
44.5501	135.83242
44.5751	135.80885
44.6001	135.78588
44.6251	135.76357
44.6501	135.74199
44.6751	135.72119
44.7001	135.70129
44.7251	135.68238
44.7501	135.6646
44.7751	135.6481
44.8001	135.63308
44.8251	135.62011
44.8501	135.61426
44.8751	135.62885
44.9001	135.62374
44.9251	135.62223
44.9501	135.62516
44.9751	135.63371
45.0001	135.64946
45.0251	135.67465
45.0501	135.71251
45.0751	135.76788
45.1001	135.84822
45.1251	135.96565
45.1501	136.14091
45.1751	136.41209
45.2001	136.85598
45.2251	137.64988
45.2501	139.40166
45.2751	145.37137
45.3001	166.68534
45.3251	201.3866
45.3501	184.00753
45.3751	151.77646
45.4001	147.30083
45.4251	156.60175
45.4501	166.56174
45.4751	156.63992
45.5001	143.46572
45.5251	138.45565
45.5501	136.98142
45.5751	136.34192
45.6001	135.96972
45.6251	135.72902
45.6501	135.56336
45.6751	135.44439
45.7001	135.35726
45.7251	135.29045
45.7501	135.23962
45.7751	135.20087
45.8001	135.17199
45.8251	135.15148
45.8501	135.13837
45.8751	135.13211
45.9001	135.13248
45.9251	135.13953
45.9501	135.15354
45.9751	135.17507
46.0001	135.205
46.0251	135.24462
46.0501	135.29637
46.0751	135.36749
46.1001	135.47437
46.1251	135.60075
46.1501	135.68206
46.1751	135.80055
46.2001	135.98144
46.2251	136.22197
46.2501	136.52224
46.2751	136.88449
46.3001	137.36832
46.3251	138.03648
46.3501	138.97564
46.3751	140.34626
46.4001	142.4595
46.4251	145.97845
46.4501	152.6526
46.4751	170.36255
46.5001	238.80694
46.5251	426.6044
46.5501	524.5189
46.5751	301.04008
46.6001	201.11025
46.6251	216.61295
46.6501	286.54786
46.6751	310.92362
46.7001	227.10602
46.7251	168.76191
46.7501	150.16033
46.7751	144.14021
46.8001	141.15554
46.8251	139.34505
46.8501	138.15066
46.8751	137.31603
46.9001	136.70661
46.9251	136.24597
46.9501	135.88792
46.9751	135.60317
47.0001	135.37231
47.0251	135.18208
47.0501	135.02316
47.0751	134.88885
47.1001	134.77421
47.1251	134.6756
47.1501	134.59029
47.1751	134.51628
47.2001	134.45216
47.2251	134.39672
47.2501	134.34801
47.2751	134.30951
47.3001	134.28553
47.3251	134.28186
47.3501	134.32992
47.3751	134.6032
47.4001	135.59113
47.4251	136.71771
47.4501	135.5341
47.4751	134.52062
47.5001	134.42421
47.5251	134.77408
47.5501	135.15865
47.5751	134.78732
47.6001	134.26995
47.6251	134.06614
47.6501	134.00816
47.6751	133.99052
47.7001	133.99214
47.7251	134.01136
47.7501	134.05258
47.7751	134.12706
47.8001	134.25942
47.8251	134.50888
47.8501	135.08761
47.8751	137.16215
47.9001	144.41582
47.9251	153.98764
47.9501	146.39978
47.9751	137.94429
48.0001	136.82586
48.0251	139.27657
48.0501	142.73014
48.0751	140.87031
48.1001	136.66938
48.1251	134.81716
48.1501	134.26682
48.1751	134.04634
48.2001	133.92116
48.2251	133.84022
48.2501	133.78399
48.2751	133.74281
48.3001	133.71139
48.3251	133.68666
48.3501	133.66668
48.3751	133.65024
48.4001	133.63648
48.4251	133.62484
48.4501	133.61403
48.4751	133.59729
48.5001	133.57161
48.5251	133.57335
48.5501	133.58131
48.5751	133.57786
48.6001	133.57525
48.6251	133.57489
48.6501	133.57458
48.6751	133.57368
48.7001	133.57331
48.7251	133.57342
48.7501	133.57085
48.7751	133.55835
48.8001	133.54911
48.8251	133.55185
48.8501	133.55508
48.8751	133.55879
48.9001	133.56301
48.9251	133.56776
48.9501	133.57306
48.9751	133.57894
49.0001	133.58543
49.0251	133.59259
49.0501	133.60045
49.0751	133.60908
49.1001	133.61855
49.1251	133.62895
49.1501	133.64039
49.1751	133.6535
49.2001	133.6699
49.2251	133.68535
49.2501	133.70252
49.2751	133.72169
49.3001	133.74325
49.3251	133.76768
49.3501	133.79561
49.3751	133.82784
49.4001	133.86569
49.4251	133.91096
49.4501	133.96616
49.4751	134.03528
49.5001	134.12483
49.5251	134.24599
49.5501	134.41961
49.5751	134.68846
49.6001	135.15562
49.6251	136.21214
49.6501	140.04396
49.6751	152.55721
49.7001	164.63515
49.7251	150.03447
49.7501	139.56613
49.7751	138.58032
49.8001	142.23229
49.8251	147.70305
49.8501	145.59791
49.8751	139.411
49.9001	136.65166
49.9251	135.97256
49.9501	135.87354
49.9751	135.98769
50.0001	136.25892
50.0251	136.69797
50.0501	137.35871
50.0751	138.3552
50.1001	139.91741
50.1251	142.54371
50.1501	147.55432
50.1751	160.95244
50.2001	213.85304
50.2251	353.3326
50.2501	397.47532
50.2751	240.38549
50.3001	175.24588
50.3251	178.02831
50.3501	219.45463
50.3751	261.49129
50.4001	222.53278
50.4251	169.59439
50.4501	148.63504
50.4751	142.35638
50.5001	139.70907
50.5251	138.20401
50.5501	137.25315
50.5751	136.61772
50.6001	136.17812
50.6251	135.86953
50.6501	135.65551
50.6751	135.51616
50.7001	135.44312
50.7251	135.43869
50.7501	135.51937
50.7751	135.72785
50.8001	136.16923
50.8251	137.1851
50.8501	140.65092
50.8751	153.94395
50.9001	175.90082
50.9251	164.20072
50.9501	144.26786
50.9751	139.84278
51.0001	142.47991
51.0251	150.11263
51.0501	153.07576
51.0751	144.46067
51.1001	138.18956
51.1251	136.10383
51.1501	135.42893
51.1751	135.10148
51.2001	134.90567
51.2251	134.77889
51.2501	134.69267
51.2751	134.63212
51.3001	134.58874
51.3251	134.55742
51.3501	134.53529
51.3751	134.53407
51.4001	134.55342
51.4251	134.54772
51.4501	134.54537
51.4751	134.54664
51.5001	134.56432
51.5251	134.5789
51.5501	134.58621
51.5751	134.59659
51.6001	134.61624
51.6251	134.62824
51.6501	134.64147
51.6751	134.65522
51.7001	134.66961
51.7251	134.6865
51.7501	134.70452
51.7751	134.72457
51.8001	134.75156
51.8251	134.77323
51.8501	134.79613
51.8751	134.82033
51.9001	134.84591
51.9251	134.87336
51.9501	134.91651
51.9751	134.97495
52.0001	135.00849
52.0251	135.0442
52.0501	135.08233
52.0751	135.1232
52.1001	135.1672
52.1251	135.21481
52.1501	135.26783
52.1751	135.33406
52.2001	135.39648
52.2251	135.4587
52.2501	135.52673
52.2751	135.61729
52.3001	135.72186
52.3251	135.84467
52.3501	135.99216
52.3751	136.1788
52.4001	136.40728
52.4251	136.70441
52.4501	137.10903
52.4751	137.69055
52.5001	138.58465
52.5251	140.09093
52.5501	143.20961
52.5751	153.22043
52.6001	191.3823
52.6251	253.80942
52.6501	219.93587
52.6751	163.89624
52.7001	150.64038
52.7251	155.84115
52.7501	175.78595
52.7751	191.05119
52.8001	170.90098
52.8251	150.28375
52.8501	142.7389
52.8751	140.5641
52.9001	139.74934
52.9251	139.43357
52.9501	139.39389
52.9751	139.57125
53.0001	139.96666
53.0251	140.57594
53.0501	141.49767
53.0751	142.894
53.1001	145.09285
53.1251	148.81563
53.1501	156.0558
53.1751	176.60561
53.2001	258.64492
53.2251	443.4422
53.2501	431.69644
53.2751	244.12129
53.3001	182.45451
53.3251	185.19522
53.3501	230.13913
53.3751	292.12712
53.4001	263.89154
53.4251	194.09013
53.4501	162.57375
53.4751	153.8271
53.5001	151.52176
53.5251	151.56114
53.5501	153.44502
53.5751	157.71699
53.6001	166.28474
53.6251	186.60163
53.6501	261.92665
53.6751	517.61335
53.7001	766.49089
53.7251	469.9161
53.7501	250.01167
53.7751	212.33225
53.8001	252.36543
53.8251	364.90519
53.8501	428.54763
53.8751	340.70306
53.9001	320.09841
53.9251	301.22745
53.9501	208.93955
53.9751	171.36494
54.0001	167.32343
54.0251	182.57605
54.0501	214.27055
54.0751	232.84134
54.1001	255.67132
54.1251	245.43684
54.1501	181.43737
54.1751	156.81281
54.2001	154.26368
54.2251	164.15228
54.2501	183.33739
54.2751	181.6443
54.3001	159.32543
54.3251	146.84686
54.3501	142.76639
54.3751	141.22406
54.4001	140.37409
54.4251	139.82537
54.4501	139.44637
54.4751	139.17346
54.5001	138.9719
54.5251	138.82121
54.5501	138.70867
54.5751	138.626
54.6001	138.56767
54.6251	138.52985
54.6501	138.50755
54.6751	138.49875
54.7001	138.51137
54.7251	138.53922
54.7501	138.58255
54.7751	138.64214
54.8001	138.71937
54.8251	138.81632
54.8501	138.93595
54.8751	139.08234
54.9001	139.26114
54.9251	139.47941
54.9501	139.74175
54.9751	140.07874
55.0001	140.50526
55.0251	141.05594
55.0501	141.78533
55.0751	142.78411
55.1001	144.21306
55.1251	146.38305
55.1501	149.97649
55.1751	157.09924
55.2001	179.04719
55.2251	255.62354
55.2501	359.89221
55.2751	301.02001
55.3001	291.74248
55.3251	431.54386
55.3501	409.99518
55.3751	282.8547
55.4001	265.64611
55.4251	241.59201
55.4501	233.7931
55.4751	272.98147
55.5001	264.02574
55.5251	199.85915
55.5501	163.78844
55.5751	151.84583
55.6001	147.40459
55.6251	145.04304
55.6501	143.59112
55.6751	142.66369
55.7001	142.09264
55.7251	141.82153
55.7501	141.89523
55.7751	142.9813
55.8001	148.35381
55.8251	162.39322
55.8501	163.93506
55.8751	148.7551
55.9001	142.84511
55.9251	142.18045
55.9501	144.26713
55.9751	149.24118
56.0001	150.77889
56.0251	145.26449
56.0501	141.36663
56.0751	140.02626
56.1001	139.57096
56.1251	139.34445
56.1501	139.20552
56.1751	139.10872
56.2001	139.04725
56.2251	139.00413
56.2501	138.96919
56.2751	138.94671
56.3001	138.97071
56.3251	138.96436
56.3501	138.96248
56.3751	138.96427
56.4001	138.96911
56.4251	138.97607
56.4501	138.98206
56.4751	138.99039
56.5001	139.00373
56.5251	139.01854
56.5501	139.03465
56.5751	139.05193
56.6001	139.07026
56.6251	139.08955
56.6501	139.1097
56.6751	139.13065
56.7001	139.15234
56.7251	139.1747
56.7501	139.19769
56.7751	139.22127
56.8001	139.2454
56.8251	139.27006
56.8501	139.2952
56.8751	139.32087
56.9001	139.35935
56.9251	139.41282
56.9501	139.44076
56.9751	139.46915
57.0001	139.49798
57.0251	139.52748
57.0501	139.56702
57.0751	139.60042
57.1001	139.63131
57.1251	139.66271
57.1501	139.69467
57.1751	139.72729
57.2001	139.76078
57.2251	139.7956
57.2501	139.83324
57.2751	139.88197
57.3001	139.97045
57.3251	140.06784
57.3501	140.04351
57.3751	140.01353
57.4001	140.02263
57.4251	140.05238
57.4501	140.10805
57.4751	140.17617
57.5001	140.21102
57.5251	140.21878
57.5501	140.24201
57.5751	140.27762
57.6001	140.31134
57.6251	140.34593
57.6501	140.39056
57.6751	140.44527
57.7001	140.47357
57.7251	140.52205
57.7501	140.57196
57.7751	140.62343
57.8001	140.67662
57.8251	140.73169
57.8501	140.78887
57.8751	140.84839
57.9001	140.91032
57.9251	140.9738
57.9501	141.04244
57.9751	141.1151
58.0001	141.19271
58.0251	141.27769
58.0501	141.38069
58.0751	141.51784
58.1001	141.6278
58.1251	141.68849
58.1501	141.78664
58.1751	141.91406
58.2001	142.0622
58.2251	142.23738
58.2501	142.43364
58.2751	142.63092
58.3001	142.8573
58.3251	143.13393
58.3501	143.46779
58.3751	143.87192
58.4001	144.36878
58.4251	144.99227
58.4501	145.79407
58.4751	146.85588
58.5001	148.31318
58.5251	150.40477
58.5501	153.59219
58.5751	158.79962
58.6001	168.37442
58.6251	191.86496
58.6501	282.55856
58.6751	545.27863
58.7001	663.21533
58.7251	368.91684
58.7501	221.22899
58.7751	194.13459
58.8001	211.76735
58.8251	286.04787
58.8501	379.91362
58.8751	330.93433
58.9001	225.51913
58.9251	176.2635
58.9501	160.68037
58.9751	154.61727
59.0001	151.32688
59.0251	149.2897
59.0501	147.95108
59.0751	147.03985
59.1001	146.41001
59.1251	145.97879
59.1501	145.69896
59.1751	145.55414
59.2001	145.5139
59.2251	145.59242
59.2501	145.81046
59.2751	146.2141
59.3001	146.89494
59.3251	148.03888
59.3501	150.05593
59.3751	154.07956
59.4001	165.731
59.4251	211.82129
59.4501	309.54424
59.4751	291.70935
59.5001	197.25569
59.5251	164.8522
59.5501	160.53164
59.5751	170.04155
59.6001	199.23447
59.6251	224.97936
59.6501	198.69183
59.6751	166.48049
59.7001	153.15342
59.7251	148.9162
59.7501	147.12452
59.7751	146.10947
59.8001	145.46668
59.8251	145.03488
59.8501	144.73252
59.8751	144.51441
59.9001	144.35381
59.9251	144.234
59.9501	144.14409
59.9751	144.07672
60.0001	144.02675
60.0251	143.9905
60.0501	143.96528
60.0751	143.9491
60.1001	143.94044
60.1251	143.93815
60.1501	143.94135
60.1751	143.94936
60.2001	143.96421
60.2251	144.00024
60.2501	144.02058
60.2751	144.04452
60.3001	144.07624
60.3251	144.10662
60.3501	144.14027
60.3751	144.17729
60.4001	144.21785
60.4251	144.26225
60.4501	144.31084
60.4751	144.36415
60.5001	144.42285
60.5251	144.48785
60.5501	144.56032
60.5751	144.64182
60.6001	144.73445
60.6251	144.84106
60.6501	144.96557
60.6751	145.11357
60.7001	145.29309
60.7251	145.51619
60.7501	145.80149
60.7751	146.17914
60.8001	146.69498
60.8251	147.42136
60.8501	148.604
60.8751	150.62303
60.9001	154.71935
60.9251	167.59075
60.9501	216.03951
60.9751	294.16104
61.0001	250.6084
61.0251	181.16038
61.0501	160.998
61.0751	158.76831
61.1001	166.97146
61.1251	191.20767
61.1501	212.86618
61.1751	191.51724
61.2001	164.74773
61.2251	153.49672
61.2501	149.91155
61.2751	148.4269
61.3001	147.60625
61.3251	147.10249
61.3501	146.77888
61.3751	146.56668
61.4001	146.42808
61.4251	146.34098
61.4501	146.29193
61.4751	146.27252
61.5001	146.2775
61.5251	146.30371
61.5501	146.34955
61.5751	146.41368
61.6001	146.48672
61.6251	146.59373
61.6501	146.72556
61.6751	146.88691
61.7001	147.08466
61.7251	147.32883
61.7501	147.63408
61.7751	148.02234
61.8001	148.52744
61.8251	149.20355
61.8501	150.14175
61.8751	151.49967
61.9001	153.59537
61.9251	157.11316
61.9501	163.83619
61.9751	182.21576
62.0001	254.03472
62.0251	418.75208
62.0501	411.4266
62.0751	247.25273
62.1001	184.68217
62.1251	173.26929
62.1501	180.76877
62.1751	216.35625
62.2001	274.38562
62.2251	267.63625
62.2501	205.63241
62.2751	170.40598
62.3001	158.53089
62.3251	154.26043
62.3501	152.08369
62.3751	150.76654
62.4001	149.91365
62.4251	149.34013
62.4501	148.94837
62.4751	148.68401
62.5001	148.51668
62.5251	148.43118
62.5501	148.42416
62.5751	148.50486
62.6001	148.70142
62.6251	149.08303
62.6501	149.81912
62.6751	151.22787
62.7001	154.60962
62.7251	168.1061
62.7501	203.32509
62.7751	209.05309
62.8001	172.01955
62.8251	156.30051
62.8501	153.17776
62.8751	154.04961
62.9001	160.31118
62.9251	172.99217
62.9501	175.93157
62.9751	162.68257
63.0001	153.52602
63.0251	150.2469
63.0501	149.13312
63.0751	148.60197
63.1001	148.29017
63.1251	148.09251
63.1501	147.95425
63.1751	147.87802
63.2001	147.85841
63.2251	147.84733
63.2501	147.77097
63.2751	147.72301
63.3001	147.70602
63.3251	147.70191
63.3501	147.7086
63.3751	147.72921
63.4001	147.75891
63.4251	147.75012
63.4501	147.74262
63.4751	147.75164
63.5001	147.76602
63.5251	147.78295
63.5501	147.80142
63.5751	147.82108
63.6001	147.84171
63.6251	147.86317
63.6501	147.88534
63.6751	147.90813
63.7001	147.93147
63.7251	147.9553
63.7501	147.97956
63.7751	148.00421
63.8001	148.02921
63.8251	148.05453
63.8501	148.08013
63.8751	148.10598
63.9001	148.13208
63.9251	148.15839
63.9501	148.18489
63.9751	148.21158
64.0001	148.23843
64.0251	148.26543
64.0501	148.2966
64.0751	148.32981
64.1001	148.35752
64.1251	148.38657
64.1501	148.41449
64.1751	148.44251
64.2001	148.46801
64.2251	148.47709
64.2501	148.50596
64.2751	148.5349
64.3001	148.56391
64.3251	148.593
64.3501	148.62215
64.3751	148.65138
64.4001	148.68068
64.4251	148.71006
64.4501	148.73951
64.4751	148.7689
64.5001	148.78783
64.5251	148.80674
64.5501	148.83695
64.5751	148.86724
64.6001	148.89762
64.6251	148.92809
64.6501	148.95866
64.6751	148.98934
64.7001	149.02015
64.7251	149.05108
64.7501	149.08216
64.7751	149.1134
64.8001	149.1448
64.8251	149.17641
64.8501	149.20822
64.8751	149.24024
64.9001	149.27255
64.9251	149.30513
64.9501	149.3364
64.9751	149.36657
65.0001	149.40033
65.0251	149.43453
65.0501	149.46922
65.0751	149.50445
65.1001	149.54031
65.1251	149.57773
65.1501	149.62113
65.1751	149.65951
65.2001	149.69893
65.2251	149.73936
65.2501	149.77672
65.2751	149.82036
65.3001	149.86581
65.3251	149.91339
65.3501	149.96347
65.3751	150.0165
65.4001	150.07303
65.4251	150.13377
65.4501	150.19961
65.4751	150.27167
65.5001	150.35141
65.5251	150.44075
65.5501	150.54224
65.5751	150.65937
65.6001	150.79699
65.6251	150.962
65.6501	151.16454
65.6751	151.41997
65.7001	151.75256
65.7251	152.20253
65.7501	152.84059
65.7751	153.80059
65.8001	155.36472
65.8251	158.22846
65.8501	165.34774
65.8751	192.06432
65.9001	261.74003
65.9251	279.32802
65.9501	212.4716
65.9751	187.99558
66.0001	174.12995
66.0251	165.93486
66.0501	170.66564
66.0751	190.61044
66.1001	212.53237
66.1251	198.79363
66.1501	177.5401
66.1751	166.97548
66.2001	159.68015
66.2251	155.63146
66.2501	153.85453
66.2751	153.00937
66.3001	152.5099
66.3251	152.17931
66.3501	151.94924
66.3751	151.78405
66.4001	151.66292
66.4251	151.57293
66.4501	151.50667
66.4751	151.45645
66.5001	151.41928
66.5251	151.39232
66.5501	151.37347
66.5751	151.36116
66.6001	151.35422
66.6251	151.35172
66.6501	151.35294
66.6751	151.35732
66.7001	151.36442
66.7251	151.37392
66.7501	151.38552
66.7751	151.39887
66.8001	151.41387
66.8251	151.43039
66.8501	151.4483
66.8751	151.46752
66.9001	151.48801
66.9251	151.50972
66.9501	151.53266
66.9751	151.55683
67.0001	151.58228
67.0251	151.60908
67.0501	151.63734
67.0751	151.66721
67.1001	151.69896
67.1251	151.737
67.1501	151.77716
67.1751	151.82057
67.2001	151.8578
67.2251	151.89803
67.2501	151.94575
67.2751	151.99979
67.3001	152.06539
67.3251	152.13849
67.3501	152.22023
67.3751	152.31489
67.4001	152.42526
67.4251	152.56136
67.4501	152.73446
67.4751	152.96073
67.5001	153.26768
67.5251	153.70446
67.5501	154.36466
67.5751	155.44457
67.6001	157.43892
67.6251	162.4818
67.6501	181.44621
67.6751	230.07936
67.7001	240.08087
67.7251	188.93771
67.7501	165.49011
67.7751	160.05211
67.8001	159.46744
67.8251	163.03568
67.8501	174.93569
67.8751	192.33813
67.9001	188.32602
67.9251	169.90033
67.9501	159.66653
67.9751	156.09965
68.0001	154.7861
68.0251	154.10958
68.0501	153.69877
68.0751	153.43119
68.1001	153.24905
68.1251	153.12122
68.1501	153.02922
68.1751	152.95382
68.2001	152.90595
68.2251	152.87114
68.2501	152.84629
68.2751	152.84546
68.3001	152.83866
68.3251	152.83475
68.3501	152.83536
68.3751	152.83997
68.4001	152.8483
68.4251	152.86034
68.4501	152.86704
68.4751	152.88882
68.5001	152.91829
68.5251	152.96103
68.5501	153.03749
68.5751	153.24435
68.6001	153.92932
68.6251	154.90584
68.6501	154.27037
68.6751	153.45695
68.7001	153.226
68.7251	153.20042
68.7501	153.24751
68.7751	153.40577
68.8001	153.7581
68.8251	154.09394
68.8501	153.91424
68.8751	153.67519
68.9001	153.66674
68.9251	153.85334
68.9501	154.31595
68.9751	155.86263
69.0001	161.01663
69.0251	167.40792
69.0501	162.03095
69.0751	156.39522
69.1001	154.74505
69.1251	154.41184
69.1501	154.55519
69.1751	155.46878
69.2001	157.71547
69.2251	159.69858
69.2501	157.90204
69.2751	155.5443
69.3001	154.49886
69.3251	154.17894
69.3501	154.08317
69.3751	154.06373
69.4001	154.08584
69.4251	154.13857
69.4501	154.2192
69.4751	154.33011
69.5001	154.47858
69.5251	154.67865
69.5501	154.95595
69.5751	155.35897
69.6001	155.98772
69.6251	157.0889
69.6501	159.69785
69.6751	168.96462
69.7001	192.51215
69.7251	198.69286
69.7501	174.68949
69.7751	163.83641
69.8001	162.63869
69.8251	165.6967
69.8501	178.48883
69.8751	221.83648
69.9001	277.83201
69.9251	239.87789
69.9501	188.71825
69.9751	169.40581
70.0001	164.02762
70.0251	163.73269
70.0501	169.13665
70.0751	184.44473
70.1001	201.04177
70.1251	190.26085
70.1501	171.15311
70.1751	161.73687
70.2001	158.48812
70.2251	157.22568
70.2501	156.58192
70.2751	156.23493
70.3001	156.08927
70.3251	156.12013
70.3501	156.38209
70.3751	157.16905
70.4001	160.13542
70.4251	169.31812
70.4501	176.83954
70.4751	166.5401
70.5001	159.28158
70.5251	157.38181
70.5501	157.07355
70.5751	157.44706
70.6001	159.00326
70.6251	162.63893
70.6501	166.14913
70.6751	164.03211
70.7001	161.07594
70.7251	160.45501
70.7501	161.58358
70.7751	164.21366
70.8001	169.50582
70.8251	183.69693
70.8501	235.45108
70.8751	355.81418
70.9001	373.8112
70.9251	251.71951
70.9501	190.48189
70.9751	174.76369
71.0001	171.69099
71.0251	176.30982
71.0501	196.39627
71.0751	237.95478
71.1001	259.52677
71.1251	221.22654
71.1501	184.05862
71.1751	167.95715
71.2001	162.30508
71.2251	159.82175
71.2501	158.39656
71.2751	157.47734
71.3001	156.84679
71.3251	156.39413
71.3501	156.05703
71.3751	155.79994
71.4001	155.59979
71.4251	155.44445
71.4501	155.31483
71.4751	155.20856
71.5001	155.12156
71.5251	155.05164
71.5501	154.98961
71.5751	154.93699
71.6001	154.89208
71.6251	154.85274
71.6501	154.8198
71.6751	154.7915
71.7001	154.76721
71.7251	154.7627
71.7501	154.7463
71.7751	154.73217
71.8001	154.72123
71.8251	154.71404
71.8501	154.71235
71.8751	154.72263
71.9001	154.7808
71.9251	154.9808
71.9501	155.19616
71.9751	154.97168
72.0001	154.76259
72.0251	154.69694
72.0501	154.6767
72.0751	154.67519
72.1001	154.69499
72.1251	154.76219
72.1501	154.85883
72.1751	154.84485
72.2001	154.74932
72.2251	154.68808
72.2501	154.66541
72.2751	154.65849
72.3001	154.65587
72.3251	154.65201
72.3501	154.65249
72.3751	154.65369
72.4001	154.65541
72.4251	154.65751
72.4501	154.67657
72.4751	154.68007
72.5001	154.68217
72.5251	154.67946
72.5501	154.68336
72.5751	154.68744
72.6001	154.69171
72.6251	154.697
72.6501	154.70172
72.6751	154.70652
72.7001	154.71149
72.7251	154.71663
72.7501	154.72196
72.7751	154.7273
72.8001	154.73166
72.8251	154.7376
72.8501	154.75275
72.8751	154.76403
72.9001	154.77091
72.9251	154.78241
72.9501	154.78993
72.9751	154.79776
73.0001	154.80591
73.0251	154.81443
73.0501	154.82332
73.0751	154.83115
73.1001	154.84097
73.1251	154.85129
73.1501	154.86217
73.1751	154.87365
73.2001	154.8858
73.2251	154.89475
73.2501	154.89518
73.2751	154.91016
73.3001	154.92614
73.3251	154.94321
73.3501	154.96347
73.3751	154.98933
73.4001	155.01072
73.4251	155.03388
73.4501	155.05904
73.4751	155.08647
73.5001	155.1156
73.5251	155.13429
73.5501	155.16894
73.5751	155.21237
73.6001	155.26908
73.6251	155.32042
73.6501	155.37875
73.6751	155.44496
73.7001	155.52039
73.7251	155.60759
73.7501	155.70946
73.7751	155.82989
73.8001	155.97426
73.8251	156.15022
73.8501	156.36897
73.8751	156.64761
73.9001	157.01341
73.9251	157.51255
73.9501	158.22886
73.9751	159.32919
74.0001	161.20578
74.0251	165.35006
74.0501	179.00704
74.0751	215.87198
74.1001	238.86198
74.1251	202.7074
74.1501	186.93259
74.1751	207.9079
74.2001	230.68626
74.2251	201.05889
74.2501	181.4945
74.2751	185.08433
74.3001	200.44869
74.3251	206.52969
74.3501	206.94123
74.3751	249.97599
74.4001	373.13758
74.4251	407.03279
74.4501	273.12843
74.4751	200.78014
74.5001	180.20691
74.5251	174.95642
74.5501	177.11047
74.5751	191.91814
74.6001	224.31537
74.6251	259.87846
74.6501	250.85203
74.6751	205.91588
74.7001	178.45161
74.7251	168.22028
74.7501	165.06424
74.7751	165.02257
74.8001	167.41897
74.8251	170.65805
74.8501	179.45228
74.8751	206.31028
74.9001	214.20354
74.9251	182.8122
74.9501	166.18845
74.9751	161.56554
75.0001	160.25674
75.0251	160.29507
75.0501	162.40564
75.0751	169.02018
75.1001	179.72273
75.1251	180.19059
75.1501	169.19258
75.1751	161.79134
75.2001	158.91548
75.2251	157.91824
75.2501	157.50883
75.2751	157.35093
75.3001	157.35771
75.3251	157.50634
75.3501	157.8074
75.3751	158.30378
75.4001	159.08596
75.4251	160.33374
75.4501	162.42345
75.4751	166.28913
75.5001	175.65829
75.5251	208.3277
75.5501	294.57311
75.5751	339.1628
75.6001	246.52918
75.6251	188.63692
75.6501	172.10674
75.6751	167.75799
75.7001	167.6127
75.7251	172.87514
75.7501	190.40379
75.7751	223.19755
75.8001	236.0991
75.8251	204.81833
75.8501	177.86903
75.8751	166.43875
75.9001	162.58118
75.9251	161.21847
75.9501	160.96586
75.9751	161.68983
76.0001	163.97279
76.0251	171.16302
76.0501	197.22328
76.0751	252.7275
76.1001	252.23256
76.1251	196.70281
76.1501	171.0264
76.1751	164.09441
76.2001	162.19858
76.2251	162.56145
76.2501	166.61336
76.2751	178.73795
76.3001	198.47812
76.3251	201.15615
76.3501	183.75737
76.3751	174.9243
76.4001	169.69736
76.4251	162.1047
76.4501	158.38685
76.4751	157.02206
76.5001	156.39463
76.5251	156.10277
76.5501	156.21736
76.5751	157.11342
76.6001	158.85857
76.6251	159.26465
76.6501	157.31918
76.6751	155.75579
76.7001	155.05891
76.7251	154.77026
76.7501	154.61302
76.7751	154.50903
76.8001	154.42388
76.8251	154.36226
76.8501	154.30212
76.8751	154.26788
76.9001	154.24984
76.9251	154.24717
76.9501	154.2068
76.9751	154.16879
77.0001	154.15121
77.0251	154.14419
77.0501	154.14611
77.0751	154.15651
77.1001	154.17781
77.1251	154.19775
77.1501	154.2497
77.1751	154.30672
77.2001	154.38033
77.2251	154.49969
77.2501	154.65864
77.2751	154.88653
77.3001	155.21973
77.3251	155.72218
77.3501	156.53797
77.3751	157.96204
77.4001	160.95218
77.4251	170.26926
77.4501	200.07126
77.4751	241.63276
77.5001	214.96798
77.5251	176.94223
77.5501	163.41188
77.5751	159.7983
77.6001	158.81489
77.6251	159.45274
77.6501	163.25696
77.6751	173.74418
77.7001	189.10567
77.7251	187.97719
77.7501	172.00352
77.7751	161.57598
77.8001	157.40597
77.8251	155.82251
77.8501	155.03389
77.8751	154.55027
77.9001	154.22212
77.9251	153.98712
77.9501	153.81104
77.9751	153.67414
78.0001	153.57373
78.0251	153.47076
78.0501	153.39558
78.0751	153.33142
78.1001	153.27929
78.1251	153.23321
78.1501	153.19031
78.1751	153.15215
78.2001	153.11809
78.2251	153.08765
78.2501	153.06053
78.2751	153.03655
78.3001	153.00211
78.3251	152.98458
78.3501	152.97036
78.3751	152.95976
78.4001	152.95329
78.4251	152.95168
78.4501	152.95599
78.4751	152.96773
78.5001	152.98909
78.5251	153.02333
78.5501	153.06746
78.5751	153.14522
78.6001	153.26127
78.6251	153.43825
78.6501	153.71821
78.6751	154.18065
78.7001	155.026
78.7251	157.01059
78.7501	163.67742
78.7751	181.89259
78.8001	195.51513
78.8251	176.06774
78.8501	161.24581
78.8751	156.59356
78.9001	155.2912
78.9251	154.95617
78.9501	155.39262
78.9751	157.46366
79.0001	162.83744
79.0251	170.09315
79.0501	168.79
79.0751	161.10736
79.1001	156.2533
79.1251	154.31377
79.1501	153.57138
79.1751	153.20516
79.2001	152.98741
79.2251	152.85003
79.2501	152.7635
79.2751	152.71291
79.3001	152.6908
79.3251	152.6942
79.3501	152.72338
79.3751	152.78173
79.4001	152.87634
79.4251	153.01987
79.4501	153.23424
79.4751	153.55869
79.5001	154.06758
79.5251	154.91516
79.5501	156.49912
79.5751	160.50215
79.6001	174.02672
79.6251	205.72914
79.6501	215.40831
79.6751	182.34425
79.7001	163.72623
79.7251	158.34439
79.7501	156.87108
79.7751	156.70433
79.8001	157.80295
79.8251	161.68498
79.8501	170.9219
79.8751	182.54433
79.9001	180.30422
79.9251	170.28037
79.9501	166.58901
79.9751	173.00553
80.0001	202.90623
80.0251	266.91036
80.0501	269.47319
80.0751	204.54003
80.1001	172.19704
80.1251	162.83491
80.1501	159.96208
80.1751	159.40711
80.2001	161.31394
80.2251	168.84254
80.2501	186.77482
80.2751	207.40229
80.3001	198.78301
80.3251	175.8455
80.3501	162.44608
80.3751	157.17495
80.4001	155.10696
80.4251	154.06322
80.4501	153.4472
80.4751	153.08051
80.5001	152.87871
80.5251	152.82018
80.5501	152.91654
80.5751	153.23093
80.6001	153.95437
80.6251	155.92252
80.6501	162.67962
80.6751	178.80611
80.7001	184.70139
80.7251	167.87752
80.7501	158.10598
80.7751	155.42569
80.8001	155.03633
80.8251	155.63887
80.8501	157.46464
80.8751	162.35268
80.9001	177.38826
80.9251	214.81626
80.9501	245.95038
80.9751	207.9614
81.0001	173.04029
81.0251	160.69428
81.0501	156.99098
81.0751	155.71104
81.1001	155.75594
81.1251	157.87271
81.1501	164.68992
81.1751	177.78937
81.2001	185.3374
81.2251	173.80646
81.2501	161.47717
81.2751	155.50407
81.3001	153.24
81.3251	152.2709
81.3501	151.7544
81.3751	151.46088
81.4001	151.31731
81.4251	151.31105
81.4501	151.48472
81.4751	151.84704
81.5001	152.25054
81.5251	153.04627
81.5501	154.97587
81.5751	160.97619
81.6001	179.88545
81.6251	209.46029
81.6501	197.23195
81.6751	169.13875
81.7001	157.52256
81.7251	154.20627
81.7501	153.07907
81.7751	152.86408
81.8001	153.78063
81.8251	157.29972
81.8501	165.58848
81.8751	175.26388
81.9001	171.68971
81.9251	160.94548
81.9501	154.42453
81.9751	151.77041
82.0001	150.7044
82.0251	150.15001
82.0501	149.80061
82.0751	149.56094
82.1001	149.38849
82.1251	149.26066
82.1501	149.16476
82.1751	149.09199
82.2001	149.03865
82.2251	149.00784
82.2501	149.00004
82.2751	149.01138
82.3001	149.04995
82.3251	149.12435
82.3501	149.24909
82.3751	149.45864
82.4001	149.77946
82.4251	150.30777
82.4501	151.23005
82.4751	153.08138
82.5001	158.34152
82.5251	175.27896
82.5501	206.46815
82.5751	202.04021
82.6001	171.46015
82.6251	157.21269
82.6501	153.02402
82.6751	151.65738
82.7001	151.29846
82.7251	151.87533
82.7501	154.46205
82.7751	161.34854
82.8001	172.12655
82.8251	173.82004
82.8501	163.06921
82.8751	154.67983
82.9001	150.94
82.9251	149.48176
82.9501	148.78137
82.9751	148.35362
83.0001	148.05987
83.0251	147.84415
83.0501	147.67773
83.0751	147.54713
83.1001	147.43624
83.1251	147.33928
83.1501	147.25222
83.1751	147.17447
83.2001	147.10418
83.2251	147.03951
83.2501	146.97823
83.2751	146.91992
83.3001	146.86601
83.3251	146.8145
83.3501	146.76575
83.3751	146.71805
83.4001	146.67189
83.4251	146.6271
83.4501	146.58354
83.4751	146.54111
83.5001	146.49973
83.5251	146.45341
83.5501	146.41176
83.5751	146.37344
83.6001	146.33605
83.6251	146.2996
83.6501	146.26413
83.6751	146.22966
83.7001	146.19627
83.7251	146.16404
83.7501	146.13305
83.7751	146.10343
83.8001	146.07407
83.8251	146.04317
83.8501	146.0191
83.8751	145.99693
83.9001	145.9773
83.9251	145.96059
83.9501	145.94731
83.9751	145.93809
84.0001	145.9337
84.0251	145.93513
84.0501	145.94365
84.0751	145.96088
84.1001	145.98903
84.1251	146.03096
84.1501	146.09064
84.1751	146.17356
84.2001	146.2876
84.2251	146.43981
84.2501	146.65676
84.2751	146.96151
84.3001	147.39973
84.3251	148.05123
84.3501	149.06548
84.3751	150.75027
84.4001	153.90186
84.4251	161.84962
84.4501	187.52262
84.4751	245.95064
84.5001	268.20603
84.5251	207.42981
84.5501	169.21531
84.5751	156.93738
84.6001	153.10474
84.6251	151.77015
84.6501	151.95624
84.6751	154.46464
84.7001	162.54592
84.7251	180.24719
84.7501	199.26585
84.7751	190.42773
84.8001	168.77139
84.8251	155.79882
84.8501	150.45782
84.8751	148.30747
84.9001	147.21643
84.9251	146.56139
84.9501	146.1502
84.9751	145.90304
85.0001	145.79082
85.0251	145.80562
85.0501	145.98719
85.0751	146.45308
85.1001	147.55141
85.1251	150.2173
85.1501	157.14722
85.1751	174.0447
85.2001	187.39038
85.2251	169.48604
85.2501	154.02577
85.2751	148.54228
85.3001	146.87648
85.3251	146.31285
85.3501	146.35727
85.3751	147.17841
85.4001	149.59608
85.4251	155.27276
85.4501	165.06343
85.4751	170.18709
85.5001	161.35189
85.5251	151.39411
85.5501	146.88272
85.5751	145.25517
85.6001	144.54083
85.6251	144.15956
85.6501	143.98627
85.6751	144.07393
85.7001	144.69252
85.7251	146.05312
85.7501	147.08137
85.7751	145.90018
85.8001	144.27883
85.8251	143.36726
85.8501	142.96303
85.8751	142.75498
85.9001	142.6163
85.9251	142.50769
85.9501	142.41444
85.9751	142.33225
86.0001	142.2665
86.0251	142.20178
86.0501	142.14105
86.0751	142.08078
86.1001	142.01825
86.1251	141.95984
86.1501	141.90398
86.1751	141.84971
86.2001	141.79665
86.2251	141.74465
86.2501	141.69371
86.2751	141.64403
86.3001	141.59567
86.3251	141.54737
86.3501	141.49764
86.3751	141.4483
86.4001	141.4002
86.4251	141.35314
86.4501	141.30689
86.4751	141.2614
86.5001	141.21674
86.5251	141.17305
86.5501	141.14188
86.5751	141.10108
86.6001	141.06231
86.6251	141.02637
86.6501	140.99457
86.6751	140.96918
86.7001	140.9544
86.7251	140.95865
86.7501	141.00255
86.7751	141.16532
86.8001	141.76723
86.8251	143.3294
86.8501	144.53394
86.8751	142.89161
86.9001	141.43099
86.9251	140.87587
86.9501	140.67514
86.9751	140.57366
87.0001	140.51822
87.0251	140.50949
87.0501	140.59896
87.0751	140.91168
87.1001	141.49546
87.1251	141.81514
87.1501	141.2468
87.1751	140.61382
87.2001	140.26659
87.2251	140.10682
87.2501	140.01734
87.2751	139.95504
87.3001	139.91182
87.3251	139.88932
87.3501	139.85846
87.3751	139.79494
87.4001	139.75379
87.4251	139.71578
87.4501	139.67593
87.4751	139.64946
87.5001	139.62689
87.5251	139.60866
87.5501	139.59609
87.5751	139.59163
87.6001	139.59669
87.6251	139.60412
87.6501	139.60809
87.6751	139.62254
87.7001	139.65454
87.7251	139.70653
87.7501	139.78268
87.7751	139.89076
87.8001	140.04342
87.8251	140.26102
87.8501	140.57847
87.8751	141.05565
87.9001	141.82514
87.9251	143.20414
87.9501	146.4825
87.9751	156.33934
88.0001	178.14162
88.0251	188.32336
88.0501	167.18626
88.0751	153.57948
88.1001	151.18334
88.1251	156.52855
88.1501	177.58551
88.1751	225.03317
88.2001	245.2445
88.2251	197.93772
88.2501	168.95846
88.2751	165.06278
88.3001	166.29848
88.3251	158.92185
88.3501	151.20892
88.3751	148.09687
88.4001	149.82765
88.4251	158.1497
88.4501	174.24307
88.4751	185.07898
88.5001	172.06617
88.5251	155.47467
88.5501	146.41612
88.5751	142.63621
88.6001	140.97925
88.6251	140.06108
88.6501	139.46588
88.6751	139.05142
88.7001	138.75056
88.7251	138.52637
88.7501	138.35737
88.7751	138.2309
88.8001	138.13979
88.8251	138.08072
88.8501	138.05355
88.8751	138.06149
88.9001	138.11196
88.9251	138.2188
88.9501	138.40687
88.9751	138.72186
89.0001	139.25299
89.0251	140.19868
89.0501	142.20029
89.0751	148.00596
89.1001	164.49319
89.1251	188.93141
89.1501	180.07139
89.1751	156.22676
89.2001	145.11287
89.2251	141.6105
89.2501	140.4099
89.2751	140.01104
89.3001	140.14373
89.3251	140.98991
89.3501	143.45427
89.3751	149.23349
89.4001	158.28476
89.4251	161.74265
89.4501	154.68376
89.4751	148.59632
89.5001	147.12781
89.5251	149.94115
89.5501	160.50544
89.5751	194.0441
89.6001	262.20432
89.6251	279.47675
89.6501	210.23048
89.6751	166.26225
89.7001	151.07201
89.7251	146.0035
89.7501	143.95825
89.7751	143.43266
89.8001	144.41281
89.8251	148.38087
89.8501	159.30241
89.8751	180.75055
89.9001	200.73629
89.9251	188.94616
89.9501	164.69547
89.9751	149.91808
90.0001	143.6752