   0   0   1     3.92643    22.62766
   0   0   2     1.96321    46.20356
   0   0   3     1.30881    72.10815
   1   1   0     5.16773    17.14482
   1   1   1     3.12638    28.52758
   1   1   2     1.83524    49.63451
   1   1   3     1.26875    74.76468
   2   0   0     3.65414    24.33865
   2   0   1     2.67495    33.47256
   2   0   2     1.72942    52.89887
   2   0   3     1.23216    77.38806
   2   1   0     3.26836    27.26380
   2   1   1     2.51198    35.71494
   2   1   2     1.68294    54.47873
   2   1   3     1.21501    78.68937
   2   2   0     2.58387    34.68925
   2   2   1     2.15843    41.81724
   2   2   2     1.56319    59.04603
   2   2   3     1.16757    82.56091
   3   1   0     2.31108    38.93918
   3   1   1     1.99169    45.50571
   3   1   2     1.49623    61.97142
   3   1   3     1.13886    85.12197
   3   2   0     2.02695    44.67082
   3   2   1     1.80111    50.64064
   3   2   2     1.41020    66.21811
   3   2   3     1.09952    88.94691
   3   3   0     1.72258    53.12548
   3   3   1     1.57745    58.46031
   3   3   2     1.29481    73.01252
   4   0   0     1.82707    49.87167
   4   0   1     1.65651    55.42209
   4   0   2     1.33748    70.33013
   4   1   0     1.77252    51.51695
   4   1   1     1.61553    56.95431
   4   1   2     1.31563    71.67652
   4   2   0     1.63418    56.24608
   4   2   1     1.50872    61.40262
   4   2   2     1.25599    75.65704
   4   3   0     1.46166    63.60647
   4   3   1     1.36982    68.43487
   4   3   2     1.17240    82.14698
   4   4   0     1.29193    73.20169
   4   4   1     1.22721    77.75877
   5   1   0     1.43327    65.01915
   5   1   1     1.34637    69.79745
   5   1   2     1.15760    83.43019
   5   2   0     1.35711    69.16614
   5   2   1     1.28266    73.81832
   5   2   2     1.11635    87.26264
   5   3   0     1.25336    75.84380
   5   3   1     1.19400    80.35223
   5   4   0     1.14136    84.89186
   5   4   1     1.09599    89.30898
   6   0   0     1.21805    78.45550
   6   0   1     1.16335    82.92586
   6   1   0     1.20147    79.75194
   6   1   1     1.14889    84.20699
   6   2   0     1.15554    83.61237
   6   2   1     1.10853    88.03558
   6   3   0     1.08945    89.99077
