16.5001	372.80921
16.5251	372.29053
16.5501	371.84008
16.5751	371.4697
16.6001	371.19401
16.6251	371.0313
16.6501	371.00465
16.6751	371.14359
16.7001	371.48632
16.7251	372.08308
16.7501	373.00095
16.7751	374.33127
16.8001	376.20108
16.8251	378.79179
16.8501	382.3704
16.8751	387.3454
16.9001	394.37779
16.9251	404.60313
16.9501	420.00421
16.9751	443.85026
17.0001	480.55213
17.0251	534.46136
17.0501	609.74423
17.0751	710.58175
17.1001	837.12242
17.1251	970.27658
17.1501	1045.55412
17.1751	992.44157
17.2001	854.0081
17.2251	700.99619
17.2501	577.71941
17.2751	496.81876
17.3001	447.34715
17.3251	416.67006
17.3501	396.5447
17.3751	382.47356
17.4001	372.11334
17.4251	364.18015
17.4501	357.9102
17.4751	352.81916
17.5001	348.58664
17.5251	344.99395
17.5501	341.88777
17.5751	339.15818
17.6001	336.72469
17.6251	334.52733
17.6501	332.52069
17.6751	330.66985
17.7001	328.94763
17.7251	327.33261
17.7501	325.80774
17.7751	324.35929
17.8001	322.97613
17.8251	321.64913
17.8501	320.37076
17.8751	319.13478
17.9001	317.93596
17.9251	316.7699
17.9501	315.63288
17.9751	314.52172
18.0001	313.4337
18.0251	312.36651
18.0501	311.31813
18.0751	310.2868
18.1001	309.27102
18.1251	308.26945
18.1501	307.28093
18.1751	306.30443
18.2001	305.33905
18.2251	304.38399
18.2501	303.43858
18.2751	302.50264
18.3001	301.57599
18.3251	300.65865
18.3501	299.75176
18.3751	298.86434
18.4001	297.96562
18.4251	297.07323
18.4501	296.18688
18.4751	295.30627
18.5001	294.43117
18.5251	293.56146
18.5501	292.69705
18.5751	291.83792
18.6001	290.9844
18.6251	290.13804
18.6501	289.29185
18.6751	288.44992
18.7001	287.61212
18.7251	286.77834
18.7501	285.94847
18.7751	285.12241
18.8001	284.30008
18.8251	283.48137
18.8501	282.66623
18.8751	281.85456
18.9001	281.0463
18.9251	280.2414
18.9501	279.43978
18.9751	278.64139
19.0001	277.84618
19.0251	277.05409
19.0501	276.26509
19.0751	275.47913
19.1001	274.69617
19.1251	273.91617
19.1501	273.13909
19.1751	272.36489
19.2001	271.59355
19.2251	270.82504
19.2501	270.05933
19.2751	269.29638
19.3001	268.53617
19.3251	267.77869
19.3501	267.02389
19.3751	266.27177
19.4001	265.5223
19.4251	264.77546
19.4501	264.03123
19.4751	263.2896
19.5001	262.55055
19.5251	261.81405
19.5501	261.0801
19.5751	260.34868
19.6001	259.61977
19.6251	258.89337
19.6501	258.16945
19.6751	257.44802
19.7001	256.72905
19.7251	256.01253
19.7501	255.29846
19.7751	254.58682
19.8001	253.87761
19.8251	253.17081
19.8501	252.46642
19.8751	251.76443
19.9001	251.06483
19.9251	250.36762
19.9501	249.67279
19.9751	248.98049
20.0001	248.29082
20.0251	247.60397
20.0501	246.92073
20.0751	246.24113
20.1001	245.56053
20.1251	244.88228
20.1501	244.20637
20.1751	243.53281
20.2001	242.86158
20.2251	242.19268
20.2501	241.52613
20.2751	240.86191
20.3001	240.20002
20.3251	239.54047
20.3501	238.88325
20.3751	238.22837
20.4001	237.57584
20.4251	236.92564
20.4501	236.27779
20.4751	235.63229
20.5001	234.98915
20.5251	234.34837
20.5501	233.70995
20.5751	233.07391
20.6001	232.44026
20.6251	231.80899
20.6501	231.18013
20.6751	230.55368
20.7001	229.92966
20.7251	229.30808
20.7501	228.68896
20.7751	228.07231
20.8001	227.45815
20.8251	226.8465
20.8501	226.23739
20.8751	225.63083
20.9001	225.02686
20.9251	224.4255
20.9501	223.82679
20.9751	223.23075
21.0001	222.63743
21.0251	222.04686
21.0501	221.45909
21.0751	220.87417
21.1001	220.29215
21.1251	219.71309
21.1501	219.13704
21.1751	218.56408
21.2001	217.99429
21.2251	217.42774
21.2501	216.86452
21.2751	216.30473
21.3001	215.74835
21.3251	215.19506
21.3501	214.64477
21.3751	214.09737
21.4001	213.55599
21.4251	213.02531
21.4501	212.50751
21.4751	212.05538
21.5001	211.60457
21.5251	211.08979
21.5501	210.58052
21.5751	210.07712
21.6001	209.57996
21.6251	209.08947
21.6501	208.60615
21.6751	208.13053
21.7001	207.66325
21.7251	207.20502
21.7501	206.75664
21.7751	206.31906
21.8001	205.89334
21.8251	205.48074
21.8501	205.0827
21.8751	204.70089
21.9001	204.3373
21.9251	203.99425
21.9501	203.6745
21.9751	203.38133
22.0001	203.11869
22.0251	202.89134
22.0501	202.70509
22.0751	202.56703
22.1001	202.48598
22.1251	202.47294
22.1501	202.54181
22.1751	202.71034
22.2001	203.00149
22.2251	203.4454
22.2501	204.08229
22.2751	204.96669
22.3001	206.17415
22.3251	207.81176
22.3501	210.03536
22.3751	213.07932
22.4001	217.31147
22.4251	223.34271
22.4501	232.24886
22.4751	245.97345
22.5001	267.84535
22.5251	302.55919
22.5501	354.74352
22.5751	426.50993
22.6001	510.64251
22.6251	575.53591
22.6501	573.64648
22.6751	516.94461
22.7001	444.87331
22.7251	369.88455
22.7501	309.12589
22.7751	268.64612
22.8001	243.46007
22.8251	227.60543
22.8501	217.08147
22.8751	209.66248
22.9001	204.17617
22.9251	199.98086
22.9501	196.76272
22.9751	194.05022
23.0001	191.78635
23.0251	189.86759
23.0501	188.21278
23.0751	186.7634
23.1001	185.47641
23.1251	184.31958
23.1501	183.26844
23.1751	182.30411
23.2001	181.41186
23.2251	180.58008
23.2501	179.79949
23.2751	179.06265
23.3001	178.36352
23.3251	177.69718
23.3501	177.05959
23.3751	176.4474
23.4001	175.85788
23.4251	175.28873
23.4501	174.73807
23.4751	174.20435
23.5001	173.68631
23.5251	173.18291
23.5501	172.69335
23.5751	172.21703
23.6001	171.75355
23.6251	171.30266
23.6501	170.86431
23.6751	170.43866
23.7001	170.02603
23.7251	169.627
23.7501	169.24242
23.7751	168.87344
23.8001	168.52158
23.8251	168.18887
23.8501	167.87792
23.8751	167.59216
23.9001	167.33604
23.9251	167.11542
23.9501	166.93814
23.9751	166.8147
24.0001	166.75952
24.0251	166.79274
24.0501	166.94309
24.0751	167.25274
24.1001	167.78595
24.1251	168.64924
24.1501	170.0181
24.1751	172.20929
24.2001	175.82418
24.2251	181.61519
24.2501	191.02216
24.2751	205.21177
24.3001	224.16201
24.3251	244.16072
24.3501	254.45793
24.3751	247.32044
24.4001	232.29926
24.4251	215.18178
24.4501	197.79754
24.4751	184.23556
24.5001	175.26026
24.5251	169.57302
24.5501	165.86686
24.5751	163.29477
24.6001	161.39168
24.6251	159.91079
24.6501	158.71306
24.6751	157.71356
24.7001	156.85736
24.7251	156.10748
24.7501	155.43835
24.7751	154.83182
24.8001	154.27473
24.8251	153.75738
24.8501	153.27247
24.8751	152.81444
24.9001	152.379
24.9251	151.96281
24.9501	151.56322
24.9751	151.17812
25.0001	150.80585
25.0251	150.44502
25.0501	150.09454
25.0751	149.7535
25.1001	149.42118
25.1251	149.09697
25.1501	148.78038
25.1751	148.47102
25.2001	148.16857
25.2251	147.87277
25.2501	147.58343
25.2751	147.30039
25.3001	147.02354
25.3251	146.75282
25.3501	146.48819
25.3751	146.22965
25.4001	145.97722
25.4251	145.73094
25.4501	145.49089
25.4751	145.25718
25.5001	145.02993
25.5251	144.80928
25.5501	144.59542
25.5751	144.38853
25.6001	144.18884
25.6251	143.9966
25.6501	143.81209
25.6751	143.63561
25.7001	143.46749
25.7251	143.30812
25.7501	143.15789
25.7751	143.01725
25.8001	142.88669
25.8251	142.76673
25.8501	142.65797
25.8751	142.56104
25.9001	142.47664
25.9251	142.40553
25.9501	142.34856
25.9751	142.30665
26.0001	142.2808
26.0251	142.27215
26.0501	142.2819
26.0751	142.31144
26.1001	142.36226
26.1251	142.43603
26.1501	142.5346
26.1751	142.66003
26.2001	142.81462
26.2251	143.00095
26.2501	143.2219
26.2751	143.4807
26.3001	143.78103
26.3251	144.127
26.3501	144.5233
26.3751	144.97527
26.4001	145.48899
26.4251	146.07144
26.4501	146.73065
26.4751	147.47589
26.5001	148.31792
26.5251	149.26927
26.5501	150.34466
26.5751	151.56137
26.6001	152.93989
26.6251	154.50463
26.6501	156.28486
26.6751	158.31593
26.7001	160.64082
26.7251	163.31228
26.7501	166.39555
26.7751	169.97213
26.8001	174.14494
26.8251	179.04536
26.8501	184.84337
26.8751	191.76187
26.9001	200.09789
26.9251	210.25397
26.9501	222.78668
26.9751	238.48358
27.0001	258.48739
27.0251	284.50521
27.0501	319.20234
27.0751	366.95176
27.1001	435.35886
27.1251	538.43176
27.1501	701.74446
27.1751	966.20406
27.2001	1375.99482
27.2251	1937.97611
27.2501	2546.30649
27.2751	2888.22916
27.3001	2725.76513
27.3251	2346.78624
27.3501	1933.60415
27.3751	1463.16333
27.4001	1045.5348
27.4251	753.96646
27.4501	569.78812
27.4751	454.82886
27.5001	380.23579
27.5251	329.17498
27.5501	292.50601
27.5751	265.07275
27.6001	244.14712
27.6251	227.87358
27.6501	215.02084
27.6751	204.74613
27.7001	196.45837
27.7251	189.73462
27.7501	184.26739
27.7751	179.83043
27.8001	176.25614
27.8251	173.42036
27.8501	171.23196
27.8751	169.62586
27.9001	168.55821
27.9251	168.00346
27.9501	167.95255
27.9751	168.41248
28.0001	169.40676
28.0251	170.97709
28.0501	173.18645
28.0751	176.12379
28.1001	179.91119
28.1251	184.7144
28.1501	190.75837
28.1751	198.35054
28.2001	207.91628
28.2251	220.05406
28.2501	235.62346
28.2751	255.89194
28.3001	282.78904
28.3251	319.37944
28.3501	370.81884
28.3751	446.39053
28.4001	563.36715
28.4251	752.46255
28.4501	1057.59633
28.4751	1511.18007
28.5001	2076.53981
28.5251	2554.32958
28.5501	2615.1137
28.5751	2319.25437
28.6001	1979.34883
28.6251	1594.15088
28.6501	1174.96831
28.6751	838.46947
28.7001	614.32025
28.7251	473.99289
28.7501	385.03233
28.7751	325.7712
28.8001	284.05685
28.8251	253.40715
28.8501	230.16934
28.8751	212.11399
28.9001	197.79547
28.9251	186.2389
28.9501	176.76735
28.9751	168.89927
29.0001	162.29692
29.0251	156.72648
29.0501	152.08096
29.0751	148.10403
29.1001	144.46797
29.1251	141.27384
29.1501	138.44934
29.1751	135.93648
29.2001	133.68828
29.2251	131.66636
29.2501	129.83913
29.2751	128.18038
29.3001	126.66822
29.3251	125.28425
29.3501	124.01291
29.3751	122.84097
29.4001	121.75713
29.4251	120.75167
29.4501	119.81623
29.4751	118.94354
29.5001	118.12727
29.5251	117.36193
29.5501	116.64266
29.5751	115.96522
29.6001	115.32585
29.6251	114.72123
29.6501	114.14945
29.6751	113.62594
29.7001	113.18112
29.7251	112.94842
29.7501	112.48212
29.7751	112.03702
29.8001	111.61158
29.8251	111.20443
29.8501	110.81432
29.8751	110.44013
29.9001	110.08083
29.9251	109.73549
29.9501	109.40325
29.9751	109.08336
30.0001	108.77502
30.0251	108.47746
30.0501	108.18994
30.0751	107.91159
30.1001	107.64108
30.1251	107.38037
30.1501	107.1301
30.1751	106.88791
30.2001	106.65617
30.2251	106.44278
30.2501	106.27218
30.2751	106.11895
30.3001	105.91378
30.3251	105.71496
30.3501	105.52228
30.3751	105.33553
30.4001	105.15455
30.4251	104.97915
30.4501	104.80918
30.4751	104.64451
30.5001	104.485
30.5251	104.33054
30.5501	104.18102
30.5751	104.03635
30.6001	103.89644
30.6251	103.76122
30.6501	103.63061
30.6751	103.50456
30.7001	103.38303
30.7251	103.26595
30.7501	103.15331
30.7751	103.04508
30.8001	102.94122
30.8251	102.84174
30.8501	102.74662
30.8751	102.65587
30.9001	102.56949
30.9251	102.4875
30.9501	102.40992
30.9751	102.33678
31.0001	102.26812
31.0251	102.20397
31.0501	102.14439
31.0751	102.08944
31.1001	102.03918
31.1251	101.99368
31.1501	101.95303
31.1751	101.91731
31.2001	101.88986
31.2251	101.89258
31.2501	101.97039
31.2751	102.17299
31.3001	102.16745
31.3251	102.16763
31.3501	102.1737
31.3751	102.18584
31.4001	102.20422
31.4251	102.22904
31.4501	102.26053
31.4751	102.2989
31.5001	102.3444
31.5251	102.39729
31.5501	102.45787
31.5751	102.52641
31.6001	102.60326
31.6251	102.68876
31.6501	102.78328
31.6751	102.88532
31.7001	102.98943
31.7251	103.09015
31.7501	103.16532
31.7751	103.20605
31.8001	103.3664
31.8251	103.53923
31.8501	103.7252
31.8751	103.92502
31.9001	104.13947
31.9251	104.36939
31.9501	104.61566
31.9751	104.87928
32.0001	105.1613
32.0251	105.46286
32.0501	105.78522
32.0751	106.12973
32.1001	106.49787
32.1251	106.89126
32.1501	107.31167
32.1751	107.76102
32.2001	108.24143
32.2251	108.75523
32.2501	109.30497
32.2751	109.89348
32.3001	110.52387
32.3251	111.19959
32.3501	111.92445
32.3751	112.7027
32.4001	113.53907
32.4251	114.43884
32.4501	115.40792
32.4751	116.45294
32.5001	117.58137
32.5251	118.80164
32.5501	120.12327
32.5751	121.5571
32.6001	123.11548
32.6251	124.81252
32.6501	126.66442
32.6751	128.68985
32.7001	130.91044
32.7251	133.3513
32.7501	136.04177
32.7751	139.01631
32.8001	142.31872
32.8251	146.01668
32.8501	150.24342
32.8751	154.90557
32.9001	160.09394
32.9251	165.96858
32.9501	172.65543
32.9751	180.30696
33.0001	189.11159
33.0251	199.30195
33.0501	211.11311
33.0751	225.1644
33.1001	241.8645
33.1251	262.10057
33.1501	286.76155
33.1751	317.239
33.2001	355.51601
33.2251	404.49449
33.2501	468.55609
33.2751	554.58751
33.3001	674.02993
33.3251	847.26953
33.3501	1112.65929
33.3751	1540.8139
33.4001	2240.37822
33.4251	3301.87933
33.4501	4616.56075
33.4751	5630.52434
33.5001	5614.84108
33.5251	4923.03875
33.5501	4314.55116
33.5751	3699.08348
33.6001	2861.79192
33.6251	2040.31505
33.6501	1437.78813
33.6751	1047.70892
33.7001	801.89165
33.7251	642.16097
33.7501	532.63508
33.7751	453.79586
33.8001	395.00019
33.8251	350.00181
33.8501	314.85466
33.8751	286.93987
33.9001	264.46087
33.9251	246.15327
33.9501	231.10794
33.9751	218.65929
34.0001	208.31268
34.0251	199.69617
34.0501	192.52789
34.0751	186.59362
34.1001	181.73115
34.1251	177.81957
34.1501	174.77188
34.1751	172.53024
34.2001	171.06338
34.2251	170.36581
34.2501	170.45905
34.2751	171.39497
34.3001	173.25954
34.3251	176.18131
34.3501	180.34976
34.3751	186.0058
34.4001	193.67226
34.4251	204.04785
34.4501	217.8015
34.4751	236.29804
34.5001	261.75381
34.5251	297.80535
34.5501	351.0229
34.5751	433.84711
34.6001	568.85829
34.6251	788.86384
34.6501	1114.51919
34.6751	1491.86022
34.7001	1728.03657
34.7251	1653.3233
34.7501	1448.50638
34.7751	1293.38681
34.8001	1124.96734
34.8251	888.98927
34.8501	661.45261
34.8751	496.41989
34.9001	390.1707
34.9251	323.54066
34.9501	280.59166
34.9751	251.58866
35.0001	231.25306
35.0251	216.70705
35.0501	206.26746
35.0751	198.88384
35.1001	193.87703
35.1251	190.80378
35.1501	189.3798
35.1751	189.43446
35.2001	190.88436
35.2251	193.71904
35.2501	197.99554
35.2751	203.84012
35.3001	211.45726
35.3251	221.14696
35.3501	233.33312
35.3751	248.60801
35.4001	267.8014
35.4251	292.08933
35.4501	323.16893
35.4751	363.54822
35.5001	417.04754
35.5251	489.72903
35.5501	591.78778
35.5751	741.6452
35.6001	974.19977
35.6251	1352.72547
35.6501	1968.76467
35.6751	2878.05347
35.7001	3919.06168
35.7251	4536.77137
35.7501	4288.32703
35.7751	3717.28401
35.8001	3312.66982
35.8251	2886.5647
35.8501	2256.91123
35.8751	1623.07091
35.9001	1152.72222
35.9251	845.94822
35.9501	651.67217
35.9751	524.99963
36.0001	437.86845
36.0251	374.91174
36.0501	327.73804
36.0751	291.4261
36.1001	262.86658
36.1251	239.99301
36.1501	221.38453
36.1751	206.03799
36.2001	193.22904
36.2251	182.42416
36.2501	173.22337
36.2751	165.32206
36.3001	158.48492
36.3251	152.52783
36.3501	147.30505
36.3751	142.69998
36.4001	138.61842
36.4251	134.98361
36.4501	131.73248
36.4751	128.81282
36.5001	126.1811
36.5251	123.80078
36.5501	121.64105
36.5751	119.67573
36.6001	117.8825
36.6251	116.2422
36.6501	114.73834
36.6751	113.35665
36.7001	112.08475
36.7251	110.91183
36.7501	109.82845
36.7751	108.8263
36.8001	107.89809
36.8251	107.03737
36.8501	106.23843
36.8751	105.49622
36.9001	104.80623
36.9251	104.16445
36.9501	103.5673
36.9751	103.01159
37.0001	102.49445
37.0251	102.01331
37.0501	101.56589
37.0751	101.15011
37.1001	100.76414
37.1251	100.40632
37.1501	100.07517
37.1751	99.76936
37.2001	99.48775
37.2251	99.22946
37.2501	98.99438
37.2751	98.77956
37.3001	98.58541
37.3251	98.41136
37.3501	98.25693
37.3751	98.1217
37.4001	98.00536
37.4251	97.90765
37.4501	97.82844
37.4751	97.76766
37.5001	97.72533
37.5251	97.70156
37.5501	97.69653
37.5751	97.71053
37.6001	97.74395
37.6251	97.79725
37.6501	97.87104
37.6751	97.966
37.7001	98.08296
37.7251	98.22288
37.7501	98.38687
37.7751	98.57618
37.8001	98.79226
37.8251	99.03676
37.8501	99.31153
37.8751	99.61871
37.9001	99.96068
37.9251	100.34017
37.9501	100.76026
37.9751	101.22447
38.0001	101.73679
38.0251	102.30078
38.0501	102.90387
38.0751	103.52474
38.1001	104.00996
38.1251	104.78017
38.1501	105.70809
38.1751	106.73407
38.2001	107.87041
38.2251	109.13148
38.2501	110.5342
38.2751	112.09854
38.3001	113.84824
38.3251	115.81169
38.3501	118.02303
38.3751	120.52412
38.4001	123.36814
38.4251	126.61855
38.4501	130.34004
38.4751	134.63747
38.5001	139.6336
38.5251	145.48586
38.5501	152.39887
38.5751	160.64238
38.6001	170.5778
38.6251	182.69808
38.6501	197.68935
38.6751	216.52853
38.7001	240.64345
38.7251	272.186
38.7501	314.52904
38.7751	373.25898
38.8001	458.32597
38.8251	588.52758
38.8501	798.59672
38.8751	1142.08029
38.9001	1662.76069
38.9251	2288.92551
38.9501	2700.85601
38.9751	2582.47426
39.0001	2220.34715
39.0251	1986.17723
39.0501	1824.68017
39.0751	1540.41648
39.1001	1162.32284
39.1251	838.17606
39.1501	614.04798
39.1751	470.3845
39.2001	378.22905
39.2251	316.48233
39.2501	272.85049
39.2751	240.67422
39.3001	216.19166
39.3251	197.103
39.3501	181.86959
39.3751	169.64185
39.4001	159.60487
39.4251	151.22723
39.4501	144.04996
39.4751	138.00296
39.5001	132.95812
39.5251	128.61241
39.5501	124.84215
39.5751	121.5499
39.6001	118.65809
39.6251	116.1043
39.6501	113.83784
39.6751	111.81723
39.7001	110.00821
39.7251	108.38234
39.7501	106.91578
39.7751	105.58849
39.8001	104.38348
39.8251	103.28631
39.8501	102.28709
39.8751	101.39436
39.9001	100.61553
39.9251	99.84258
39.9501	99.13035
39.9751	98.47275
40.0001	97.86469
40.0251	97.30337
40.0501	96.78973
40.0751	96.30353
40.1001	95.8509
40.1251	95.42894
40.1501	95.03506
40.1751	94.66694
40.2001	94.3225
40.2251	93.99987
40.2501	93.69736
40.2751	93.41344
40.3001	93.14674
40.3251	92.89503
40.3501	92.63985
40.3751	92.34892
40.4001	91.88845
40.4251	91.69484
40.4501	91.51237
40.4751	91.34032
40.5001	91.17803
40.5251	91.02489
40.5501	90.88036
40.5751	90.74391
40.6001	90.61507
40.6251	90.49335
40.6501	90.37366
40.6751	90.24676
40.7001	90.08408
40.7251	89.94629
40.7501	89.85618
40.7751	89.77127
40.8001	89.69132
40.8251	89.61646
40.8501	89.54846
40.8751	89.48537
40.9001	89.42327
40.9251	89.36519
40.9501	89.31101
40.9751	89.26061
41.0001	89.21389
41.0251	89.17077
41.0501	89.13119
41.0751	89.09512
41.1001	89.06252
41.1251	89.03342
41.1501	89.00784
41.1751	88.98584
41.2001	88.96755
41.2251	88.9531
41.2501	88.9427
41.2751	88.93662
41.3001	88.93524
41.3251	88.93901
41.3501	88.94854
41.3751	88.96464
41.4001	88.98832
41.4251	89.02096
41.4501	89.06437
41.4751	89.121
41.5001	89.19665
41.5251	89.31478
41.5501	89.49858
41.5751	89.6593
41.6001	89.87205
41.6251	90.15941
41.6501	90.55841
41.6751	91.13411
41.7001	91.99666
41.7251	93.34707
41.7501	95.47662
41.7751	98.89741
41.8001	103.32903
41.8251	106.51697
41.8501	105.92413
41.8751	103.21233
41.9001	101.4004
41.9251	100.62516
41.9501	99.35325
41.9751	96.9754
42.0001	94.50484
42.0251	92.65074
42.0501	91.43139
42.0751	90.65681
42.1001	90.15366
42.1251	89.81112
42.1501	89.56757
42.1751	89.38909
42.2001	89.25575
42.2251	89.15492
42.2501	89.07819
42.2751	89.01974
42.3001	88.97546
42.3251	88.94235
42.3501	88.9182
42.3751	88.90136
42.4001	88.89056
42.4251	88.88482
42.4501	88.88336
42.4751	88.88557
42.5001	88.89097
42.5251	88.89916
42.5501	88.90981
42.5751	88.92267
42.6001	88.9375
42.6251	88.95414
42.6501	88.97243
42.6751	88.99224
42.7001	89.01346
42.7251	89.03601
42.7501	89.05982
42.7751	89.08481
42.8001	89.11093
42.8251	89.13815
42.8501	89.16643
42.8751	89.19573
42.9001	89.22603
42.9251	89.25733
42.9501	89.28959
42.9751	89.32282
43.0001	89.35701
43.0251	89.39217
43.0501	89.42829
43.0751	89.46538
43.1001	89.50346
43.1251	89.54254
43.1501	89.58264
43.1751	89.62429
43.2001	89.67162
43.2251	89.71646
43.2501	89.76095
43.2751	89.80661
43.3001	89.85349
43.3251	89.90163
43.3501	89.95108
43.3751	90.00191
43.4001	90.05426
43.4251	90.10897
43.4501	90.1654
43.4751	90.22247
43.5001	90.28133
43.5251	90.34208
43.5501	90.40484
43.5751	90.46974
43.6001	90.53694
43.6251	90.60659
43.6501	90.67578
43.6751	90.72588
43.7001	90.68344
43.7251	90.71139
43.7501	90.79874
43.7751	90.89001
43.8001	90.98558
43.8251	91.08588
43.8501	91.19139
43.8751	91.30267
43.9001	91.42035
43.9251	91.54517
43.9501	91.678
43.9751	91.81982
44.0001	91.97181
44.0251	92.13535
44.0501	92.31208
44.0751	92.50396
44.1001	92.71333
44.1251	92.94307
44.1501	93.19681
44.1751	93.48035
44.2001	93.79582
44.2251	94.15127
44.2501	94.5555
44.2751	95.01955
44.3001	95.55786
44.3251	96.18955
44.3501	96.94046
44.3751	97.84614
44.4001	98.95656
44.4251	100.34371
44.4501	102.11422
44.4751	104.4316
44.5001	107.55867
44.5251	111.94717
44.5501	118.43137
44.5751	128.58008
44.6001	145.04569
44.6251	170.9966
44.6501	206.111
44.6751	237.28735
44.7001	240.66896
44.7251	219.10227
44.7501	200.02401
44.7751	193.0015
44.8001	189.08503
44.8251	176.23111
44.8501	156.26412
44.8751	138.24059
44.9001	125.49007
44.9251	117.26688
44.9501	112.05245
44.9751	108.65486
45.0001	106.36156
45.0251	104.82529
45.0501	103.67261
45.0751	102.74116
45.1001	102.24766
45.1251	101.97424
45.1501	101.88626
45.1751	101.9692
45.2001	102.21937
45.2251	102.64528
45.2501	103.26948
45.2751	104.13297
45.3001	105.30398
45.3251	106.89498
45.3501	109.09823
45.3751	112.26356
45.4001	117.05226
45.4251	124.64149
45.4501	136.68314
45.4751	154.04288
45.5001	172.73388
45.5251	180.92833
45.5501	173.20971
45.5751	162.18919
45.6001	157.26074
45.6251	156.73968
45.6501	153.86293
45.6751	145.93471
45.7001	137.22217
45.7251	131.05177
45.7501	127.77644
45.7751	126.74075
45.8001	127.30512
45.8251	129.09372
45.8501	131.97096
45.8751	135.97175
45.9001	141.25765
45.9251	148.12905
45.9501	157.05895
45.9751	168.77511
46.0001	184.41093
46.0251	205.79659
46.0501	236.07356
46.0751	281.0242
46.1001	351.51302
46.1251	466.03104
46.1501	647.38423
46.1751	896.43966
46.2001	1126.16326
46.2251	1163.37782
46.2501	1009.25139
46.2751	859.91595
46.3001	801.41729
46.3251	784.59866
46.3501	715.40058
46.3751	579.47774
46.4001	441.96125
46.4251	339.25036
46.4501	271.12058
46.4751	227.15355
46.5001	198.01385
46.5251	177.71811
46.5501	162.90946
46.5751	151.72763
46.6001	143.0508
46.6251	136.18413
46.6501	130.65521
46.6751	126.13911
46.7001	122.40321
46.7251	119.30081
46.7501	116.7071
46.7751	114.45366
46.8001	112.51703
46.8251	110.84089
46.8501	109.38096
46.8751	108.10203
46.9001	106.9758
46.9251	105.97933
46.9501	105.09385
46.9751	104.30388
47.0001	103.59657
47.0251	102.96116
47.0501	102.38861
47.0751	101.87125
47.1001	101.40257
47.1251	100.97697
47.1501	100.58967
47.1751	100.23652
47.2001	99.91393
47.2251	99.61877
47.2501	99.3483
47.2751	99.10013
47.3001	98.87214
47.3251	98.66246
47.3501	98.46946
47.3751	98.29165
47.4001	98.12774
47.4251	97.97656
47.4501	97.83706
47.4751	97.70832
47.5001	97.58947
47.5251	97.47978
47.5501	97.37855
47.5751	97.28516
47.6001	97.19905
47.6251	97.11972
47.6501	97.0467
47.6751	96.97956
47.7001	96.91794
47.7251	96.86146
47.7501	96.80982
47.7751	96.76273
47.8001	96.7199
47.8251	96.68113
47.8501	96.65539
47.8751	96.67525
47.9001	96.64772
47.9251	96.62344
47.9501	96.60224
47.9751	96.58398
48.0001	96.56839
48.0251	96.55487
48.0501	96.54421
48.0751	96.53801
48.1001	96.5327
48.1251	96.52969
48.1501	96.52892
48.1751	96.53031
48.2001	96.5338
48.2251	96.53935
48.2501	96.54692
48.2751	96.55752
48.3001	96.57839
48.3251	96.59193
48.3501	96.60739
48.3751	96.62476
48.4001	96.64405
48.4251	96.66526
48.4501	96.68843
48.4751	96.71356
48.5001	96.7407
48.5251	96.7699
48.5501	96.80121
48.5751	96.83471
48.6001	96.87047
48.6251	96.90859
48.6501	96.94919
48.6751	96.9924
48.7001	97.03837
48.7251	97.08728
48.7501	97.14015
48.7751	97.21237
48.8001	97.2781
48.8251	97.34135
48.8501	97.40893
48.8751	97.48128
48.9001	97.55888
48.9251	97.64232
48.9501	97.73228
48.9751	97.82955
49.0001	97.93509
49.0251	98.05003
49.0501	98.17573
49.0751	98.31384
49.1001	98.46635
49.1251	98.63572
49.1501	98.82498
49.1751	99.03792
49.2001	99.27935
49.2251	99.55539
49.2501	99.87399
49.2751	100.24561
49.3001	100.68418
49.3251	101.20869
49.3501	101.84549
49.3751	102.63197
49.4001	103.62267
49.4251	104.89957
49.4501	106.5912
49.4751	108.91141
49.5001	112.24296
49.5251	117.30016
49.5501	125.34216
49.5751	138.152
49.6001	156.71082
49.6251	177.01934
49.6501	186.09281
49.6751	177.16212
49.7001	163.44369
49.7251	156.32295
49.7501	156.25154
49.7751	157.3204
49.8001	153.47685
49.8251	146.68359
49.8501	142.21758
49.8751	140.28426
49.9001	136.64515
49.9251	130.06905
49.9501	124.23511
49.9751	121.13157
50.0001	120.04548
50.0251	118.84689
50.0501	116.01163
50.0751	112.42181
50.1001	109.39277
50.1251	107.26049
50.1501	105.86029
50.1751	104.95335
50.2001	104.35996
50.2251	103.97761
50.2501	103.83673
50.2751	103.7027
50.3001	103.65919
50.3251	103.69588
50.3501	103.80916
50.3751	104.00143
50.4001	104.28155
50.4251	104.666
50.4501	105.18156
50.4751	105.88834
50.5001	106.87161
50.5251	108.30775
50.5501	110.50369
50.5751	113.93219
50.6001	119.12512
50.6251	125.7777
50.6501	131.02286
50.6751	130.77401
50.7001	126.6159
50.7251	123.30081
50.7501	122.45668
50.7751	123.07021
50.8001	122.84413
50.8251	120.63644
50.8501	117.80313
50.8751	115.66682
50.9001	114.4879
50.9251	114.08322
50.9501	114.22503
50.9751	114.75321
51.0001	115.5936
51.0251	116.72025
51.0501	118.12942
51.0751	119.84399
51.1001	121.90576
51.1251	124.37179
51.1501	127.2993
51.1751	130.84081
51.2001	135.20339
51.2251	140.57255
51.2501	147.26933
51.2751	155.75667
51.3001	166.71994
51.3251	181.21287
51.3501	200.93521
51.3751	228.74021
51.4001	269.95904
51.4251	334.3715
51.4501	437.96086
51.4751	598.99445
51.5001	813.79463
51.5251	998.67038
51.5501	1006.65465
51.5751	858.78743
51.6001	720.1041
51.6251	663.5216
51.6501	667.50896
51.6751	659.15133
51.7001	580.93262
51.7251	463.55804
51.7501	359.87247
51.7751	285.95006
51.8001	237.22904
51.8251	205.34759
51.8501	183.74103
51.8751	168.37783
51.9001	156.98601
51.9251	148.27472
51.9501	141.4576
51.9751	136.02301
52.0001	131.62886
52.0251	128.12015
52.0501	125.12424
52.0751	122.613
52.1001	120.48995
52.1251	118.68185
52.1501	117.13231
52.1751	115.79736
52.2001	114.64238
52.2251	113.64179
52.2501	112.81922
52.2751	112.0598
52.3001	111.39843
52.3251	110.82338
52.3501	110.32516
52.3751	109.89612
52.4001	109.5302
52.4251	109.22272
52.4501	108.97025
52.4751	108.77056
52.5001	108.62261
52.5251	108.52148
52.5501	108.43866
52.5751	108.41109
52.6001	108.4889
52.6251	108.63767
52.6501	108.8699
52.6751	109.20408
52.7001	109.66798
52.7251	110.30466
52.7501	111.18504
52.7751	112.43352
52.8001	114.2721
52.8251	117.0604
52.8501	121.22781
52.8751	126.80595
52.9001	132.21868
52.9251	134.40009
52.9501	133.68959
52.9751	133.92366
53.0001	137.41473
53.0251	144.98353
53.0501	157.10663
53.0751	174.81877
53.1001	199.62621
53.1251	226.31187
53.1501	236.13917
53.1751	220.0737
53.2001	197.41076
53.2251	184.16186
53.2501	181.83761
53.2751	183.52858
53.3001	178.69893
53.3251	164.79188
53.3501	149.10611
53.3751	136.73644
53.4001	128.29308
53.4251	122.80028
53.4501	119.20173
53.4751	116.7925
53.5001	115.16189
53.5251	113.9233
53.5501	113.02225
53.5751	112.37021
53.6001	111.90893
53.6251	111.59887
53.6501	111.41278
53.6751	111.3318
53.7001	111.343
53.7251	111.4379
53.7501	111.61136
53.7751	111.86104
53.8001	112.18695
53.8251	112.59131
53.8501	113.07845
53.8751	113.65496
53.9001	114.32989
53.9251	115.11513
53.9501	116.02598
53.9751	117.08194
54.0001	118.30778
54.0251	119.73544
54.0501	121.43289
54.0751	123.41899
54.1001	125.74558
54.1251	128.52539
54.1501	131.88016
54.1751	135.97645
54.2001	141.04657
54.2251	147.42192
54.2501	155.58769
54.2751	166.27737
54.3001	180.64936
54.3251	200.65055
54.3501	229.78465
54.3751	274.50274
54.4001	345.71496
54.4251	457.5693
54.4501	615.07111
54.4751	775.74483
54.5001	827.22506
54.5251	732.16446
54.5501	606.85408
54.5751	535.807
54.6001	526.00008
54.6251	541.48999
54.6501	523.30064
54.6751	450.22718
54.7001	361.44257
54.7251	289.21351
54.7501	239.13846
54.7751	206.28043
54.8001	184.62784
54.8251	169.82073
54.8501	159.24844
54.8751	151.44324
54.9001	145.55616
54.9251	141.06276
54.9501	137.62052
54.9751	135.00333
55.0001	133.05462
55.0251	131.67798
55.0501	130.89108
55.0751	130.48073
55.1001	130.5377
55.1251	131.08958
55.1501	132.19986
55.1751	133.97949
55.2001	136.608
55.2251	140.37165
55.2501	145.73673
55.2751	153.50216
55.3001	165.11971
55.3251	183.25508
55.3501	212.34252
55.3751	257.90659
55.4001	321.13356
55.4251	383.1376
55.4501	399.07777
55.4751	358.83193
55.5001	309.29187
55.5251	281.73798
55.5501	278.33791
55.5751	285.45362
55.6001	280.13865
55.6251	252.71261
55.6501	217.84531
55.6751	188.97945
55.7001	168.90626
55.7251	155.85601
55.7501	147.46347
55.7751	141.96956
55.8001	138.31055
55.8251	135.89594
55.8501	134.39761
55.8751	133.62957
55.9001	133.49097
55.9251	133.94061
55.9501	134.98722
55.9751	136.68953
56.0001	139.16572
56.0251	142.6149
56.0501	147.35852
56.0751	153.92099
56.1001	163.19689
56.1251	176.81258
56.1501	197.74813
56.1751	230.95364
56.2001	282.66843
56.2251	354.59156
56.2501	426.50121
56.2751	447.85657
56.3001	404.21915
56.3251	347.67524
56.3501	315.22377
56.3751	310.79815
56.4001	320.90606
56.4251	320.28731
56.4501	294.09185
56.4751	256.4924
56.5001	224.488
56.5251	202.75938
56.5501	189.80867
56.5751	183.0548
56.6001	180.52606
56.6251	181.08182
56.6501	184.24667
56.6751	190.05386
56.7001	198.74584
56.7251	210.95899
56.7501	227.78745
56.7751	251.03832
56.8001	283.774
56.8251	331.47166
56.8501	404.20931
56.8751	519.42991
56.9001	701.56341
56.9251	966.87771
56.9501	1268.94114
56.9751	1428.66912
57.0001	1308.84465
57.0251	1069.09676
57.0501	898.15288
57.0751	842.88271
57.1001	869.89112
57.1251	891.95182
57.1501	818.54894
57.1751	667.45106
57.2001	516.99634
57.2251	403.28033
57.2501	326.14217
57.2751	275.28334
57.3001	241.07466
57.3251	217.05681
57.3501	199.45711
57.3751	186.13058
57.4001	175.79821
57.4251	167.64413
57.4501	161.11977
57.4751	155.84314
57.5001	151.54152
57.5251	148.01627
57.5501	145.12036
57.5751	142.74354
57.6001	140.80227
57.6251	139.23288
57.6501	137.98676
57.6751	137.02699
57.7001	136.32591
57.7251	135.8635
57.7501	135.62609
57.7751	135.6057
57.8001	135.79947
57.8251	136.20955
57.8501	136.84311
57.8751	137.71268
57.9001	138.83673
57.9251	140.24064
57.9501	141.95918
57.9751	144.0347
58.0001	146.52287
58.0251	149.49731
58.0501	153.03803
58.0751	157.23545
58.1001	162.36305
58.1251	168.57463
58.1501	176.16445
58.1751	185.53851
58.2001	197.26835
58.2251	212.1778
58.2501	231.48834
58.2751	257.07905
58.3001	291.99268
58.3251	341.54226
58.3501	415.34921
58.3751	530.36578
58.4001	711.91758
58.4251	983.42534
58.4501	1320.96483
58.4751	1565.35465
58.5001	1511.45853
58.5251	1253.07135
58.5501	1026.50365
58.5751	923.46993
58.6001	931.72352
58.6251	981.51688
58.6501	961.95972
58.6751	828.92038
58.7001	656.80591
58.7251	513.02818
58.7501	412.65968
58.7751	347.88806
58.8001	307.51941
58.8251	283.188
58.8501	270.11915
58.8751	266.2991
58.9001	271.81955
58.9251	289.00494
58.9501	323.29036
58.9751	383.92705
59.0001	481.48236
59.0251	614.11418
59.0501	732.65818
59.0751	742.433
59.1001	642.62084
59.1251	533.72888
59.1501	471.93762
59.1751	461.01201
59.2001	479.51901
59.2251	484.63213
59.2501	441.7225
59.2751	368.90838
59.3001	300.71505
59.3251	249.98971
59.3501	215.43406
59.3751	192.28329
59.4001	176.35307
59.4251	164.88553
59.4501	156.26982
59.4751	149.57969
59.5001	144.25392
59.5251	139.93276
59.5501	136.3683
59.5751	133.38693
59.6001	130.86316
59.6251	128.70434
59.6501	126.84077
59.6751	125.21015
59.7001	123.73961
59.7251	122.48502
59.7501	121.36676
59.7751	120.37804
59.8001	119.49365
59.8251	118.69971
59.8501	117.98676
59.8751	117.341
59.9001	116.75646
59.9251	116.22634
59.9501	115.74487
59.9751	115.30711
60.0001	114.90884
60.0251	114.54641
60.0501	114.21669
60.0751	113.91697
60.1001	113.64489
60.1251	113.39843
60.1501	113.1758
60.1751	112.97549
60.2001	112.79617
60.2251	112.6367
60.2501	112.49611
60.2751	112.37359
60.3001	112.26846
60.3251	112.18017
60.3501	112.10827
60.3751	112.05247
60.4001	112.01254
60.4251	111.9884
60.4501	111.98005
60.4751	111.98762
60.5001	112.01135
60.5251	112.05158
60.5501	112.10881
60.5751	112.18366
60.6001	112.2769
60.6251	112.38949
60.6501	112.52049
60.6751	112.65402
60.7001	112.83261
60.7251	113.03656
60.7501	113.26812
60.7751	113.52996
60.8001	113.82526
60.8251	114.1578
60.8501	114.53209
60.8751	114.95356
60.9001	115.42883
60.9251	115.96594
60.9501	116.57483
60.9751	117.2679
61.0001	118.06737
61.0251	118.97985
61.0501	120.03774
61.0751	121.27494
61.1001	122.73653
61.1251	124.46708
61.1501	126.54812
61.1751	129.16889
61.2001	132.47612
61.2251	136.74738
61.2501	142.45193
61.2751	150.40738
61.3001	162.07939
61.3251	179.9248
61.3501	207.26269
61.3751	246.18142
61.4001	290.15147
61.4251	314.58343
61.4501	299.87509
61.4751	266.73666
61.5001	241.64556
61.5251	232.51617
61.5501	237.39414
61.5751	248.58566
61.6001	252.95325
61.6251	243.13155
61.6501	227.24051
61.6751	215.07449
61.7001	209.93428
61.7251	211.77001
61.7501	220.05486
61.7751	234.94829
61.8001	257.81485
61.8251	291.81964
61.8501	343.16392
61.8751	423.12894
61.9001	549.5562
61.9251	742.65231
61.9501	1001.55879
61.9751	1242.01327
62.0001	1286.29228
62.0251	1109.74852
62.0501	894.79488
62.0751	759.22713
62.1001	720.63899
62.1251	753.65055
62.1501	797.20221
62.1751	768.35555
62.2001	653.0745
62.2251	516.26883
62.2501	404.00527
62.2751	324.58359
62.3001	271.29001
62.3251	235.43235
62.3501	210.46218
62.3751	192.29977
62.4001	178.58374
62.4251	167.92765
62.4501	159.46738
62.4751	152.63508
62.5001	147.08467
62.5251	142.42633
62.5501	138.51166
62.5751	135.18879
62.6001	132.34306
62.6251	129.88657
62.6501	127.75098
62.6751	125.88252
62.7001	124.23838
62.7251	122.78415
62.7501	121.49191
62.7751	120.33881
62.8001	119.30601
62.8251	118.37788
62.8501	117.54137
62.8751	116.78552
62.9001	116.10111
62.9251	115.48035
62.9501	114.91596
62.9751	114.38977
63.0001	113.91336
63.0251	113.49098
63.0501	113.1082
63.0751	112.76238
63.1001	112.4515
63.1251	112.17418
63.1501	111.93428
63.1751	111.72203
63.2001	111.5428
63.2251	111.39804
63.2501	111.29036
63.2751	111.22383
63.3001	111.20458
63.3251	111.24155
63.3501	111.34789
63.3751	111.54297
63.4001	111.85601
63.4251	112.33244
63.4501	113.04659
63.4751	114.1276
63.5001	115.80697
63.5251	118.47946
63.5501	122.70875
63.5751	128.97295
63.6001	136.64388
63.6251	142.09704
63.6501	140.74712
63.6751	134.53722
63.7001	128.6839
63.7251	125.35633
63.7501	124.77596
63.7751	125.9877
63.8001	127.13027
63.8251	125.87182
63.8501	122.36865
63.8751	118.41833
63.9001	115.22171
63.9251	112.95489
63.9501	111.41682
63.9751	110.36561
64.0001	109.62035
64.0251	109.06843
64.0501	108.6443
64.0751	108.30926
64.1001	108.03903
64.1251	107.81748
64.1501	107.63345
64.1751	107.479
64.2001	107.34833
64.2251	107.23718
64.2501	107.1444
64.2751	107.11542
64.3001	107.04687
64.3251	106.98896
64.3501	106.94066
64.3751	106.9012
64.4001	106.86457
64.4251	106.79652
64.4501	106.79795
64.4751	106.8345
64.5001	106.83627
64.5251	106.84668
64.5501	106.86644
64.5751	106.89657
64.6001	106.93845
64.6251	106.99394
64.6501	107.06558
64.6751	107.15787
64.7001	107.27302
64.7251	107.41849
64.7501	107.60305
64.7751	107.83916
64.8001	108.14502
64.8251	108.54807
64.8501	109.09154
64.8751	109.84785
64.9001	110.94479
64.9251	112.60698
64.9501	115.18963
64.9751	119.11866
65.0001	124.49494
65.0251	129.96064
65.0501	131.93234
65.0751	128.82504
65.1001	124.01141
65.1251	120.48132
65.1501	118.96731
65.1751	119.21161
65.2001	120.42004
65.2251	121.06487
65.2501	119.7559
65.2751	116.99158
65.3001	114.15397
65.3251	112.03557
65.3501	110.57356
65.3751	109.60299
65.4001	108.95603
65.4251	108.51341
65.4501	108.20236
65.4751	107.98069
65.5001	107.82337
65.5251	107.72016
65.5501	107.65233
65.5751	107.61401
65.6001	107.60297
65.6251	107.61638
65.6501	107.65272
65.6751	107.71149
65.7001	107.79534
65.7251	107.90551
65.7501	108.03773
65.7751	108.1997
65.8001	108.39605
65.8251	108.63306
65.8501	108.91919
65.8751	109.26029
65.9001	109.63722
65.9251	110.15768
65.9501	110.80544
65.9751	111.62325
66.0001	112.6739
66.0251	114.05284
66.0501	115.91255
66.0751	118.51187
66.1001	122.30872
66.1251	128.0908
66.1501	137.03768
66.1751	150.37532
66.2001	167.74658
66.2251	183.22984
66.2501	185.43569
66.2751	173.40761
66.3001	158.74051
66.3251	148.87948
66.3501	145.14521
66.3751	146.52127
66.4001	150.47254
66.4251	152.24293
66.4501	147.84971
66.4751	139.2824
66.5001	130.79787
66.5251	124.26151
66.5501	119.71522
66.5751	116.6518
66.6001	114.56264
66.6251	113.08614
66.6501	112.00055
66.6751	111.17726
66.7001	110.53585
66.7251	110.0277
66.7501	109.61932
66.7751	109.28723
66.8001	109.01459
66.8251	108.78899
66.8501	108.59957
66.8751	108.42857
66.9001	108.29699
66.9251	108.1865
66.9501	108.09374
66.9751	108.01605
67.0001	107.95128
67.0251	107.89767
67.0501	107.8538
67.0751	107.81849
67.1001	107.79076
67.1251	107.76982
67.1501	107.75504
67.1751	107.75713
67.2001	107.75298
67.2251	107.7535
67.2501	107.75837
67.2751	107.76733
67.3001	107.78013
67.3251	107.79662
67.3501	107.81664
67.3751	107.8401
67.4001	107.86692
67.4251	107.89576
67.4501	107.84038
67.4751	107.86987
67.5001	107.91091
67.5251	107.95536
67.5501	108.01083
67.5751	108.06253
67.6001	108.11805
67.6251	108.1776
67.6501	108.24143
67.6751	108.30983
67.7001	108.38316
67.7251	108.46522
67.7501	108.55289
67.7751	108.64387
67.8001	108.74197
67.8251	108.848
67.8501	108.96296
67.8751	109.08802
67.9001	109.22462
67.9251	109.37451
67.9501	109.53982
67.9751	109.72322
68.0001	109.92825
68.0251	110.18
68.0501	110.44163
68.0751	110.74133
68.1001	111.08833
68.1251	111.49505
68.1501	111.97839
68.1751	112.56208
68.2001	113.32207
68.2251	114.22285
68.2501	115.38201
68.2751	116.92051
68.3001	119.04448
68.3251	122.13187
68.3501	126.75139
68.3751	133.77692
68.4001	144.01221
68.4251	156.80337
68.4501	167.2269
68.4751	167.45276
68.5001	158.25908
68.5251	147.92336
68.5501	141.12062
68.5751	138.58029
68.6001	139.64828
68.6251	142.81678
68.6501	145.08306
68.6751	143.237
68.7001	137.81124
68.7251	131.8676
68.7501	127.161
68.7751	123.94754
68.8001	121.93178
68.8251	120.75363
68.8501	120.14285
68.8751	119.93593
68.9001	120.04921
68.9251	120.45031
68.9501	121.10108
68.9751	122.08996
69.0001	123.5618
69.0251	125.63634
69.0501	128.62279
69.0751	133.05681
69.1001	139.75207
69.1251	149.61244
69.1501	162.6781
69.1751	175.57412
69.2001	180.27625
69.2251	173.70539
69.2501	163.31963
69.2751	155.68616
69.3001	152.54425
69.3251	153.57792
69.3501	157.69813
69.3751	162.59304
69.4001	164.68567
69.4251	162.63358
69.4501	159.14008
69.4751	156.94801
69.5001	157.03556
69.5251	159.49204
69.5501	164.27381
69.5751	171.53089
69.6001	181.76073
69.6251	195.964
69.6501	215.96765
69.6751	244.92689
69.7001	288.46918
69.7251	355.34588
69.7501	456.14896
69.7751	594.94113
69.8001	743.92578
69.8251	817.67028
69.8501	755.31212
69.8751	625.01743
69.9001	513.64673
69.9251	450.74509
69.9501	435.59182
69.9751	457.79766
70.0001	495.78292
70.0251	510.20939
70.0501	471.48558
70.0751	398.65506
70.1001	326.61868
70.1251	270.65956
70.1501	231.41763
70.1751	204.90963
70.2001	187.02443
70.2251	174.83325
70.2501	166.62206
70.2751	161.55108
70.3001	159.00157
70.3251	158.08121
70.3501	156.59234
70.3751	152.45877
70.4001	146.77334
70.4251	141.71875
70.4501	138.13831
70.4751	136.0226
70.5001	135.1097
70.5251	134.92582
70.5501	134.57315
70.5751	133.12458
70.6001	130.74943
70.6251	128.31952
70.6501	126.35061
70.6751	124.85879
70.7001	123.77894
70.7251	122.99601
70.7501	122.4226
70.7751	122.00159
70.8001	121.69825
70.8251	121.4915
70.8501	121.39744
70.8751	121.35068
70.9001	121.37285
70.9251	121.46244
70.9501	121.6187
70.9751	121.84254
71.0001	122.13645
71.0251	122.50448
71.0501	122.95232
71.0751	123.48757
71.1001	124.11994
71.1251	124.86176
71.1501	125.72848
71.1751	126.73949
71.2001	127.91915
71.2251	129.29823
71.2501	130.91589
71.2751	132.82238
71.3001	135.08293
71.3251	137.78324
71.3501	141.03755
71.3751	145.00055
71.4001	149.88561
71.4251	155.99323
71.4501	163.75751
71.4751	173.82634
71.5001	187.21115
71.5251	205.58094
71.5501	231.81281
71.5751	270.81606
71.6001	330.1644
71.6251	418.94734
71.6501	540.7544
71.6751	672.58154
71.7001	741.98446
71.7251	692.43325
71.7501	578.01038
71.7751	475.83331
71.8001	414.4135
71.8251	394.48791
71.8501	408.72724
71.8751	442.83756
71.9001	467.82451
71.9251	450.67996
71.9501	393.859
71.9751	328.34592
72.0001	274.17793
72.0251	235.49265
72.0501	209.89772
72.0751	193.72219
72.1001	183.41626
72.1251	175.31355
72.1501	166.8865
72.1751	158.59244
72.2001	151.73089
72.2251	146.6633
72.2501	143.2054
72.2751	141.04947
72.3001	139.78371
72.3251	138.70232
72.3501	136.97444
72.3751	134.52536
72.4001	132.00579
72.4251	129.88197
72.4501	128.23463
72.4751	127.0016
72.5001	126.086
72.5251	125.40822
72.5501	124.915
72.5751	124.57463
72.6001	124.37005
72.6251	124.29404
72.6501	124.34686
72.6751	124.53555
72.7001	124.87459
72.7251	125.38749
72.7501	126.11005
72.7751	127.11832
72.8001	128.4452
72.8251	130.23546
72.8501	132.68414
72.8751	136.11937
72.9001	141.1019
72.9251	148.53758
72.9501	159.66768
72.9751	175.60531
73.0001	195.36081
73.0251	212.21573
73.0501	215.26261
73.0751	204.96906
73.1001	193.27435
73.1251	188.23184
73.1501	192.38481
73.1751	205.85887
73.2001	225.71679
73.2251	242.12788
73.2501	241.81825
73.2751	224.61566
73.3001	202.63552
73.3251	184.96514
73.3501	174.24317
73.3751	169.99933
73.4001	170.58393
73.4251	173.0044
73.4501	172.73669
73.4751	167.41376
73.5001	159.6262
73.5251	152.70834
73.5501	147.96467
73.5751	145.43029
73.6001	144.80484
73.6251	145.86845
73.6501	148.64345
73.6751	153.49177
73.7001	161.25949
73.7251	173.49043
73.7501	192.53644
73.7751	221.02154
73.8001	259.29929
73.8251	298.50076
73.8501	315.25743
73.8751	295.85399
73.9001	259.65487
73.9251	228.56381
73.9501	209.83982
73.9751	203.38543
74.0001	207.18364
74.0251	217.66118
74.0501	227.22448
74.0751	225.36854
74.1001	209.97662
74.1251	189.70726
74.1501	171.86888
74.1751	158.56702
74.2001	149.32897
74.2251	143.05702
74.2501	138.76128
74.2751	135.7549
74.3001	133.61362
74.3251	132.08613
74.3501	131.02221
74.3751	130.33043
74.4001	129.95642
74.4251	129.87219
74.4501	130.07142
74.4751	130.56872
74.5001	131.40141
74.5251	132.63722
74.5501	134.3867
74.5751	136.8344
74.6001	140.26673
74.6251	145.19986
74.6501	152.50637
74.6751	163.56326
74.7001	180.1564
74.7251	203.55481
74.7501	231.38138
74.7751	252.11883
74.8001	250.26296
74.8251	229.12209
74.8501	205.54296
74.8751	188.83172
74.9001	180.60212
74.9251	179.96173
74.9501	185.28692
74.9751	193.40136
75.0001	198.0543
75.0251	193.42502
75.0501	181.52435
75.0751	168.639
75.1001	158.26329
75.1251	150.97337
75.1501	146.22281
75.1751	143.2889
75.2001	141.59653
75.2251	140.77224
75.2501	140.60103
75.2751	140.97077
75.3001	141.83374
75.3251	143.18265
75.3501	145.05153
75.3751	147.51041
75.4001	150.67427
75.4251	154.71859
75.4501	159.90787
75.4751	166.64844
75.5001	175.59062
75.5251	187.81564
75.5501	205.12081
75.5751	230.27934
75.6001	266.81466
75.6251	317.23142
75.6501	377.16533
75.6751	425.46237
75.7001	435.56955
75.7251	417.14144
75.7501	404.95322
75.7751	421.51975
75.8001	476.15213
75.8251	568.74012
75.8501	677.45975
75.8751	742.85845
75.9001	713.97958
75.9251	618.48334
75.9501	514.77128
75.9751	436.46705
76.0001	392.31559
76.0251	379.77294
76.0501	391.45716
76.0751	412.49681
76.1001	417.43679
76.1251	388.44644
76.1501	337.56018
76.1751	286.62142
76.2001	245.92129
76.2251	216.39882
76.2501	195.71586
76.2751	181.17743
76.3001	170.68772
76.3251	162.85483
76.3501	156.82637
76.3751	152.07644
76.4001	148.26807
76.4251	145.17411
76.4501	142.6351
76.4751	140.53576
76.5001	138.78883
76.5251	137.33194
76.5501	136.12038
76.5751	135.11406
76.6001	134.28438
76.6251	133.60948
76.6501	133.07864
76.6751	132.66633
76.7001	132.3694
76.7251	132.18164
76.7501	132.09929
76.7751	132.12104
76.8001	132.248
76.8251	132.48385
76.8501	132.83557
76.8751	133.3111
76.9001	133.92429
76.9251	134.69268
76.9501	135.63942
76.9751	136.79495
77.0001	138.19921
77.0251	139.90595
77.0501	141.98598
77.0751	144.53095
77.1001	147.67347
77.1251	151.59577
77.1501	156.55803
77.1751	162.88625
77.2001	171.29092
77.2251	182.669
77.2501	198.62995
77.2751	221.86031
77.3001	256.47805
77.3251	307.6223
77.3501	378.55687
77.3751	461.44008
77.4001	522.1777
77.4251	516.57813
77.4501	454.1532
77.4751	383.20669
77.5001	331.34171
77.5251	303.87371
77.5501	298.64548
77.5751	311.92918
77.6001	337.56697
77.6251	361.75537
77.6501	365.30885
77.6751	344.31731
77.7001	316.02106
77.7251	296.30119
77.7501	289.12993
77.7751	287.22539
77.8001	276.69994
77.8251	253.7876
77.8501	228.54163
77.8751	208.82349
77.9001	196.40285
77.9251	190.62163
77.9501	190.38799
77.9751	194.25099
78.0001	199.27809
78.0251	200.50844
78.0501	194.93919
78.0751	185.42678
78.1001	176.31744
78.1251	169.60219
78.1501	165.50619
78.1751	163.65985
78.2001	163.66229
78.2251	165.28133
78.2501	168.51137
78.2751	173.57056
78.3001	180.99409
78.3251	191.76464
78.3501	207.57603
78.3751	231.08369
78.4001	265.75082
78.4251	314.31034
78.4501	373.56597
78.4751	424.38413
78.5001	436.10449
78.5251	407.56702
78.5501	371.13832
78.5751	351.2546
78.6001	356.96089
78.6251	391.6307
78.6501	455.94838
78.6751	540.89551
78.7001	612.00725
78.7251	617.48854
78.7501	551.88943
78.7751	462.75302
78.8001	387.69935
78.8251	338.20829
78.8501	313.42094
78.8751	309.2592
78.9001	319.91792
78.9251	334.54799
78.9501	335.83671
78.9751	313.64581
79.0001	277.6213
79.0251	242.16425
79.0501	213.77033
79.0751	192.97873
79.1001	178.23728
79.1251	167.75117
79.1501	160.05282
79.1751	154.29486
79.2001	149.83705
79.2251	146.30976
79.2501	143.47454
79.2751	141.17242
79.3001	139.29281
79.3251	137.7572
79.3501	136.50967
79.3751	135.51105
79.4001	134.73538
79.4251	134.16794
79.4501	133.80458
79.4751	133.65229
79.5001	133.73125
79.5251	134.07907
79.5501	134.80042
79.5751	135.91576
79.6001	137.63823
79.6251	140.26431
79.6501	144.28215
79.6751	150.43537
79.7001	159.64521
79.7251	172.50689
79.7501	187.70392
79.7751	199.29007
79.8001	198.96966
79.8251	187.54545
79.8501	173.76617
79.8751	163.12396
79.9001	156.85762
79.9251	154.64492
79.9501	155.89046
79.9751	159.78323
80.0001	164.55239
80.0251	166.84584
80.0501	164.0082
80.0751	157.51363
80.1001	150.66337
80.1251	145.27026
80.1501	141.70948
80.1751	139.80932
80.2001	139.34818
80.2251	140.26994
80.2501	142.78205
80.2751	147.38462
80.3001	154.76789
80.3251	165.34387
80.3501	177.86228
80.3751	187.16546
80.4001	186.36603
80.4251	176.37108
80.4501	164.48504
80.4751	155.26119
80.5001	149.71212
80.5251	147.55805
80.5501	148.29777
80.5751	151.27523
80.6001	155.09424
80.6251	157.00827
80.6501	154.60566
80.6751	148.82291
80.7001	142.4204
80.7251	137.04032
80.7501	133.0052
80.7751	130.1209
80.8001	128.07272
80.8251	126.60302
80.8501	125.5079
80.8751	124.66458
80.9001	123.99704
80.9251	123.45716
80.9501	123.01307
80.9751	122.64264
81.0001	122.33004
81.0251	122.06359
81.0501	121.83454
81.0751	121.63621
81.1001	121.46346
81.1251	121.31241
81.1501	121.18464
81.1751	121.06757
81.2001	120.96422
81.2251	120.87293
81.2501	120.79237
81.2751	120.72143
81.3001	120.65923
81.3251	120.60505
81.3501	120.55835
81.3751	120.51863
81.4001	120.48561
81.4251	120.44229
81.4501	120.42216
81.4751	120.40836
81.5001	120.40095
81.5251	120.40013
81.5501	120.4062
81.5751	120.41959
81.6001	120.4409
81.6251	120.4709
81.6501	120.5106
81.6751	120.5613
81.7001	120.62466
81.7251	120.70256
81.7501	120.77743
81.7751	120.89434
81.8001	121.03701
81.8251	121.21168
81.8501	121.42675
81.8751	121.73482
81.9001	122.07033
81.9251	122.49736
81.9501	123.00884
81.9751	123.74332
82.0001	124.74718
82.0251	126.16692
82.0501	128.23425
82.0751	131.27233
82.1001	135.61683
82.1251	141.29986
82.1501	147.23987
82.1751	150.50611
82.2001	148.70313
82.2251	143.60362
82.2501	138.43181
82.2751	134.69708
82.3001	132.61701
82.3251	132.01965
82.3501	132.69014
82.3751	134.34403
82.4001	136.34172
82.4251	137.441
82.4501	136.60495
82.4751	134.26897
82.5001	131.70943
82.5251	129.70364
82.5501	128.39096
82.5751	127.53386
82.6001	126.78787
82.6251	126.06395
82.6501	125.50758
82.6751	125.22139
82.7001	125.228
82.7251	125.53375
82.7501	126.16394
82.7751	127.18251
82.8001	128.69906
82.8251	130.87711
82.8501	133.96981
82.8751	138.36421
82.9001	144.34498
82.9251	151.26082
82.9501	156.36292
82.9751	156.05455
83.0001	150.78165
83.0251	144.36612
83.0501	139.29001
83.0751	136.16746
83.1001	134.85233
83.1251	135.11336
83.1501	136.69251
83.1751	139.09987
83.2001	141.21788
83.2251	141.51512
83.2501	139.63313
83.2751	136.87671
83.3001	134.58583
83.3251	133.3892
83.3501	133.50719
83.3751	135.02984
83.4001	137.96806
83.4251	141.7578
83.4501	144.63892
83.4751	144.2994
83.5001	140.87948
83.5251	136.7238
83.5501	133.40492
83.5751	131.29767
83.6001	130.43141
83.6251	130.55305
83.6501	131.42321
83.6751	132.71557
83.7001	133.84701
83.7251	133.92848
83.7501	132.60945
83.7751	130.59008
83.8001	128.6928
83.8251	127.27414
83.8501	126.367
83.8751	125.88229
83.9001	125.70297
83.9251	125.73771
83.9501	125.96467
83.9751	126.41417
84.0001	127.1592
84.0251	128.27263
84.0501	129.88493
84.0751	132.21764
84.1001	135.637
84.1251	140.69505
84.1501	148.08173
84.1751	158.30637
84.2001	170.69756
84.2251	181.47166
84.2501	184.05675
84.2751	176.73429
84.3001	165.43004
84.3251	155.54419
84.3501	148.87363
84.3751	145.4217
84.4001	144.78249
84.4251	146.5542
84.4501	150.17345
84.4751	154.31228
84.5001	156.45542
84.5251	154.54331
84.5501	149.52805
84.5751	143.94206
84.6001	139.33745
84.6251	136.11428
84.6501	134.16333
84.6751	133.26384
84.7001	133.22686
84.7251	134.05199
84.7501	135.81861
84.7751	138.81634
84.8001	143.56453
84.8251	150.80541
84.8501	161.30001
84.8751	175.08139
84.9001	189.59822
84.9251	197.98183
84.9501	194.21196
84.9751	181.97188
85.0001	169.0674
85.0251	159.58336
85.0501	154.34626
85.0751	153.07237
85.1001	155.22561
85.1251	159.87936
85.1501	165.17101
85.1751	168.39976
85.2001	167.03554
85.2251	160.88397
85.2501	152.60908
85.2751	144.95812
85.3001	139.06443
85.3251	134.98948
85.3501	132.3961
85.3751	130.81242
85.4001	129.65894
85.4251	128.36993
85.4501	126.78
85.4751	125.1439
85.5001	123.70897
85.5251	122.55122
85.5501	121.6466
85.5751	120.9412
85.6001	120.37382
85.6251	119.92118
85.6501	119.54565
85.6751	119.22781
85.7001	118.95451
85.7251	118.71652
85.7501	118.50716
85.7751	118.3214
85.8001	118.15539
85.8251	118.00609
85.8501	117.87111
85.8751	117.74853
85.9001	117.63677
85.9251	117.53458
85.9501	117.44091
85.9751	117.35489
86.0001	117.27582
86.0251	117.20309
86.0501	117.13623
86.0751	117.06837
86.1001	117.01217
86.1251	116.96085
86.1501	116.9142
86.1751	116.87207
86.2001	116.83436
86.2251	116.80099
86.2501	116.77195
86.2751	116.74726
86.3001	116.72696
86.3251	116.71099
86.3501	116.67631
86.3751	116.67007
86.4001	116.66884
86.4251	116.6729
86.4501	116.68257
86.4751	116.69822
86.5001	116.72031
86.5251	116.74935
86.5501	116.78597
86.5751	116.82368
86.6001	116.85472
86.6251	116.91907
86.6501	116.99469
86.6751	117.08296
86.7001	117.17998
86.7251	117.29882
86.7501	117.43625
86.7751	117.59513
86.8001	117.77896
86.8251	117.99208
86.8501	118.2399
86.8751	118.52925
86.9001	118.86888
86.9251	119.27016
86.9501	119.74804
86.9751	120.3226
87.0001	121.02128
87.0251	121.88257
87.0501	122.96219
87.0751	124.34403
87.1001	126.15979
87.1251	128.62157
87.1501	132.06556
87.1751	136.98475
87.2001	143.9879
87.2251	153.54134
87.2501	165.17154
87.2751	175.87351
87.3001	179.9212
87.3251	174.7267
87.3501	164.78266
87.3751	155.38212
87.4001	148.70117
87.4251	144.9709
87.4501	143.86709
87.4751	145.05531
87.5001	148.22489
87.5251	152.76846
87.5501	157.20583
87.5751	159.21073
87.6001	157.6162
87.6251	153.91007
87.6501	150.28126
87.6751	147.89507
87.7001	147.04314
87.7251	147.67041
87.7501	149.67571
87.7751	153.05222
87.8001	157.92126
87.8251	164.59152
87.8501	173.61973
87.8751	185.94169
87.9001	203.10364
87.9251	227.58177
87.9501	263.03215
87.9751	314.02365
88.0001	384.23744
88.0251	470.83974
88.0501	552.78837
88.0751	587.15229
88.1001	549.88398
88.1251	471.66193
88.1501	394.29834
88.1751	336.4578
88.2001	300.73687
88.2251	284.74745
88.2501	285.81636
88.2751	301.66424
88.3001	328.47294
88.3251	356.73904
88.3501	369.34807
88.3751	353.29765
88.4001	315.39318
88.4251	272.48949
88.4501	235.20028
88.4751	206.43091
88.5001	185.40337
88.5251	170.29734
88.5501	159.36154
88.5751	151.26315
88.6001	145.09776
88.6251	140.29062
88.6501	136.46918
88.6751	133.39078
88.7001	130.89098
88.7251	128.85588
88.7501	127.20675
88.7751	125.8918
88.8001	124.88271
88.8251	124.17414
88.8501	123.78398
88.8751	123.74897
88.9001	124.10448
88.9251	124.82341
88.9501	125.68609
88.9751	126.218
89.0001	126.12026
89.0251	125.74048
89.0501	125.62857
89.0751	126.10189
89.1001	127.31629
89.1251	129.42188
89.1501	132.6651
89.1751	137.46824
89.2001	144.499
89.2251	154.68599
89.2501	169.08454
89.2751	188.43211
89.3001	211.75944
89.3251	233.20924
89.3501	241.26217
89.3751	229.97421
89.4001	207.87116
89.4251	186.11218
89.4501	169.6785
89.4751	159.26077
89.5001	154.20374
89.5251	153.77627
89.5501	157.39937
89.5751	164.21921
89.6001	172.08625
89.6251	176.7235
89.6501	173.94245
89.6751	164.33886
89.7001	152.32339
89.7251	141.33829
89.7501	132.59876
89.7751	126.07079
89.8001	121.3016
89.8251	117.80028
89.8501	115.17265
89.8751	113.14374
89.9001	111.53544
89.9251	110.23529
89.9501	109.1687
89.9751	108.28702
90.0001	107.53742