16.5001	0
16.5251	0
16.5501	0
16.5751	0
16.6001	0
16.6251	0
16.6501	0
16.6751	0
16.7001	0
16.7251	0
16.7501	0
16.7751	0
16.8001	0
16.8251	0
16.8501	0
16.8751	0
16.9001	0
16.9251	0
16.9501	0
16.9751	0
17.0001	0
17.0251	0
17.0501	0
17.0751	0
17.1001	0
17.1251	0
17.1501	0
17.1751	0
17.2001	0
17.2251	0
17.2501	0
17.2751	0
17.3001	0
17.3251	0
17.3501	0
17.3751	0
17.4001	0
17.4251	0
17.4501	0
17.4751	0
17.5001	0
17.5251	0
17.5501	0
17.5751	0
17.6001	0
17.6251	0
17.6501	0
17.6751	0
17.7001	0
17.7251	0
17.7501	0
17.7751	0
17.8001	0
17.8251	0
17.8501	0
17.8751	0
17.9001	0
17.9251	0
17.9501	0
17.9751	0
18.0001	0
18.0251	0
18.0501	0
18.0751	0
18.1001	0
18.1251	0
18.1501	0
18.1751	0
18.2001	0
18.2251	0
18.2501	0
18.2751	0
18.3001	0
18.3251	0
18.3501	0
18.3751	0
18.4001	0
18.4251	0
18.4501	0
18.4751	0
18.5001	0
18.5251	0
18.5501	0
18.5751	0
18.6001	0
18.6251	0
18.6501	0
18.6751	0
18.7001	0
18.7251	0
18.7501	0
18.7751	0
18.8001	0
18.8251	0
18.8501	0
18.8751	0
18.9001	0
18.9251	0
18.9501	0
18.9751	0
19.0001	0
19.0251	0
19.0501	0
19.0751	0
19.1001	0
19.1251	0
19.1501	0
19.1751	0
19.2001	0
19.2251	0
19.2501	0
19.2751	0
19.3001	0
19.3251	0
19.3501	0
19.3751	0
19.4001	0
19.4251	0
19.4501	0
19.4751	0
19.5001	0
19.5251	0
19.5501	0
19.5751	0
19.6001	0
19.6251	0
19.6501	0
19.6751	0
19.7001	0
19.7251	0
19.7501	0
19.7751	0
19.8001	0
19.8251	0
19.8501	0
19.8751	0
19.9001	0
19.9251	0
19.9501	0
19.9751	0
20.0001	250.84402
20.0251	250.64901
20.0501	250.34524
20.0751	250.05005
20.1001	249.76337
20.1251	249.4851
20.1501	249.21515
20.1751	248.95343
20.2001	248.69985
20.2251	248.45434
20.2501	248.21682
20.2751	247.98721
20.3001	247.76568
20.3251	247.55633
20.3501	247.36264
20.3751	247.18914
20.4001	247.04726
20.4251	247.01028
20.4501	246.90135
20.4751	246.74288
20.5001	246.59233
20.5251	246.44969
20.5501	246.31499
20.5751	246.18823
20.6001	246.06947
20.6251	245.95875
20.6501	245.85613
20.6751	245.7617
20.7001	245.67555
20.7251	245.5978
20.7501	245.52861
20.7751	245.46812
20.8001	245.41656
20.8251	245.37414
20.8501	245.34113
20.8751	245.31784
20.9001	245.30464
20.9251	245.30195
20.9501	245.31023
20.9751	245.33005
21.0001	245.36204
21.0251	245.40696
21.0501	245.46565
21.0751	245.53911
21.1001	245.62851
21.1251	245.73518
21.1501	245.86072
21.1751	246.00697
21.2001	246.17612
21.2251	246.37076
21.2501	246.59396
21.2751	246.84939
21.3001	247.14148
21.3251	247.47557
21.3501	247.85818
21.3751	248.29731
21.4001	248.8029
21.4251	249.38733
21.4501	250.06628
21.4751	250.85979
21.5001	251.7938
21.5251	252.90242
21.5501	254.2312
21.5751	255.84218
21.6001	257.82167
21.6251	260.29292
21.6501	263.4373
21.6751	267.53179
21.7001	273.01958
21.7251	280.65389
21.7501	291.82727
21.7751	309.57234
21.8001	345.07946
21.8251	445.22719
21.8501	672.5088
21.8751	1061.20503
21.9001	1748.31401
21.9251	3097.28496
21.9501	4212.54141
21.9751	2711.26245
22.0001	2117.61638
22.0251	1368.53324
22.0501	643.78642
22.0751	412.65403
22.1001	346.44358
22.1251	315.04999
22.1501	296.44395
22.1751	284.42819
22.2001	276.20265
22.2251	270.32031
22.2501	265.9687
22.2751	262.66157
22.3001	260.09268
22.3251	258.06104
22.3501	256.43009
22.3751	255.1043
22.4001	254.01519
22.4251	253.11257
22.4501	252.35895
22.4751	251.72588
22.5001	251.19141
22.5251	250.73842
22.5501	250.35335
22.5751	250.02537
22.6001	249.74574
22.6251	249.50734
22.6501	249.30431
22.6751	249.13179
22.7001	248.98575
22.7251	248.86279
22.7501	248.76003
22.7751	248.67503
22.8001	248.60571
22.8251	248.55026
22.8501	248.50714
22.8751	248.475
22.9001	248.45267
22.9251	248.43911
22.9501	248.43343
22.9751	248.43483
23.0001	248.4426
23.0251	248.4561
23.0501	248.47478
23.0751	248.49814
23.1001	248.52573
23.1251	248.55713
23.1501	248.59198
23.1751	248.62995
23.2001	248.67073
23.2251	248.71404
23.2501	248.75964
23.2751	248.8073
23.3001	248.85679
23.3251	248.90792
23.3501	248.96052
23.3751	249.01441
23.4001	249.06944
23.4251	249.12546
23.4501	249.18235
23.4751	249.23917
23.5001	249.29126
23.5251	249.33569
23.5501	249.36745
23.5751	249.37201
23.6001	249.25654
23.6251	249.32479
23.6501	249.39271
23.6751	249.46024
23.7001	249.52733
23.7251	249.59392
23.7501	249.65998
23.7751	249.72522
23.8001	249.78552
23.8251	249.83765
23.8501	249.87752
23.8751	249.89458
23.9001	249.83578
23.9251	249.82797
23.9501	249.89497
23.9751	249.96082
24.0001	250.02549
24.0251	250.08898
24.0501	250.15125
24.0751	250.21228
24.1001	250.27206
24.1251	250.33057
24.1501	250.38778
24.1751	250.44367
24.2001	250.49823
24.2251	250.55144
24.2501	250.60328
24.2751	250.65372
24.3001	250.70276
24.3251	250.75038
24.3501	250.79655
24.3751	250.84126
24.4001	250.8845
24.4251	250.92625
24.4501	250.96648
24.4751	251.0052
24.5001	251.04237
24.5251	251.07799
24.5501	251.11204
24.5751	251.14451
24.6001	251.17538
24.6251	251.20464
24.6501	251.23227
24.6751	251.25826
24.7001	251.2826
24.7251	251.30528
24.7501	251.32628
24.7751	251.34558
24.8001	251.36319
24.8251	251.37909
24.8501	251.39325
24.8751	251.40569
24.9001	251.41637
24.9251	251.4253
24.9501	251.43246
24.9751	251.43784
25.0001	251.44144
25.0251	251.44323
25.0501	251.44323
25.0751	251.4414
25.1001	251.43775
25.1251	251.43226
25.1501	251.42494
25.1751	251.41576
25.2001	251.40472
25.2251	251.39182
25.2501	251.37705
25.2751	251.3604
25.3001	251.34185
25.3251	251.32142
25.3501	251.29908
25.3751	251.27484
25.4001	251.24869
25.4251	251.22061
25.4501	251.19062
25.4751	251.15869
25.5001	251.12483
25.5251	251.08902
25.5501	251.05128
25.5751	251.01159
25.6001	250.96994
25.6251	250.92633
25.6501	250.88077
25.6751	250.83324
25.7001	250.78374
25.7251	250.73227
25.7501	250.67882
25.7751	250.6234
25.8001	250.566
25.8251	250.50662
25.8501	250.44525
25.8751	250.38189
25.9001	250.31655
25.9251	250.24921
25.9501	250.17989
25.9751	250.10857
26.0001	250.03525
26.0251	249.95994
26.0501	249.88263
26.0751	249.80333
26.1001	249.72203
26.1251	249.63873
26.1501	249.55344
26.1751	249.46614
26.2001	249.37685
26.2251	249.28557
26.2501	249.19228
26.2751	249.09701
26.3001	248.99973
26.3251	248.90047
26.3501	248.79921
26.3751	248.69596
26.4001	248.59072
26.4251	248.48349
26.4501	248.37428
26.4751	248.26308
26.5001	248.14991
26.5251	248.03475
26.5501	247.91762
26.5751	247.79851
26.6001	247.67744
26.6251	247.55439
26.6501	247.42938
26.6751	247.3024
26.7001	247.17347
26.7251	247.04259
26.7501	246.90975
26.7751	246.77496
26.8001	246.63823
26.8251	246.49956
26.8501	246.35895
26.8751	246.21642
26.9001	246.07195
26.9251	245.92556
26.9501	245.77726
26.9751	245.62704
27.0001	245.47491
27.0251	245.32089
27.0501	245.16496
27.0751	245.00714
27.1001	244.84743
27.1251	244.68584
27.1501	244.52237
27.1751	244.35704
27.2001	244.18983
27.2251	244.02077
27.2501	243.84986
27.2751	243.6771
27.3001	243.5025
27.3251	243.32607
27.3501	243.14781
27.3751	242.96773
27.4001	242.78583
27.4251	242.60213
27.4501	242.41663
27.4751	242.22933
27.5001	242.04025
27.5251	241.84939
27.5501	241.65675
27.5751	241.46236
27.6001	241.2662
27.6251	241.0683
27.6501	240.86865
27.6751	240.66727
27.7001	240.46416
27.7251	240.25934
27.7501	240.0528
27.7751	239.84456
27.8001	239.63463
27.8251	239.42301
27.8501	239.20972
27.8751	238.99475
27.9001	238.77813
27.9251	238.55985
27.9501	238.33993
27.9751	238.11837
28.0001	237.89519
28.0251	237.67039
28.0501	237.44399
28.0751	237.21598
28.1001	236.98638
28.1251	236.7552
28.1501	236.52246
28.1751	236.28814
28.2001	236.05228
28.2251	235.81487
28.2501	235.57592
28.2751	235.33546
28.3001	235.09347
28.3251	234.84998
28.3501	234.605
28.3751	234.35852
28.4001	234.11057
28.4251	233.86116
28.4501	233.61029
28.4751	233.35797
28.5001	233.10421
28.5251	232.84903
28.5501	232.59243
28.5751	232.33443
28.6001	232.07503
28.6251	231.81424
28.6501	231.55208
28.6751	231.28856
28.7001	231.02367
28.7251	230.75745
28.7501	230.48989
28.7751	230.22101
28.8001	229.95081
28.8251	229.67932
28.8501	229.40653
28.8751	229.13246
28.9001	228.85712
28.9251	228.58052
28.9501	228.30268
28.9751	228.0236
29.0001	227.74329
29.0251	227.46177
29.0501	227.17904
29.0751	226.89512
29.1001	226.61001
29.1251	226.32486
29.1501	226.04969
29.1751	225.79707
29.2001	225.637
29.2251	225.42197
29.2501	225.13649
29.2751	224.85015
29.3001	224.56298
29.3251	224.27501
29.3501	223.98626
29.3751	223.69676
29.4001	223.40653
29.4251	223.11562
29.4501	222.82404
29.4751	222.53183
29.5001	222.23902
29.5251	221.94566
29.5501	221.65177
29.5751	221.3574
29.6001	221.06786
29.6251	220.79457
29.6501	220.56001
29.6751	220.42902
29.7001	220.14082
29.7251	219.85281
29.7501	219.56506
29.7751	219.27767
29.8001	218.99073
29.8251	218.70435
29.8501	218.41865
29.8751	218.13373
29.9001	217.84975
29.9251	217.56684
29.9501	217.28515
29.9751	217.00486
30.0001	216.72616
30.0251	216.44925
30.0501	216.17436
30.0751	215.90173
30.1001	215.63164
30.1251	215.36441
30.1501	215.10035
30.1751	214.83985
30.2001	214.58333
30.2251	214.33127
30.2501	214.08417
30.2751	213.84266
30.3001	213.60738
30.3251	213.37912
30.3501	213.15874
30.3751	212.94723
30.4001	212.74573
30.4251	212.55556
30.4501	212.37823
30.4751	212.21552
30.5001	212.06949
30.5251	211.94257
30.5501	211.83762
30.5751	211.75806
30.6001	211.70796
30.6251	211.69224
30.6501	211.71684
30.6751	211.78908
30.7001	211.91793
30.7251	212.11463
30.7501	212.39328
30.7751	212.77187
30.8001	213.27362
30.8251	213.9289
30.8501	214.77811
30.8751	215.87598
30.9001	217.29818
30.9251	219.15186
30.9501	221.59307
30.9751	224.85668
31.0001	229.3106
31.0251	235.56025
31.0501	244.6664
31.0751	258.64906
31.1001	281.90609
31.1251	328.71353
31.1501	465.88244
31.1751	856.5406
31.2001	1728.83841
31.2251	3232.54013
31.2501	2948.72767
31.2751	1552.35649
31.3001	1654.31557
31.3251	1629.61258
31.3501	860.29146
31.3751	433.18682
31.4001	314.65113
31.4251	273.34866
31.4501	251.1562
31.4751	237.3011
31.5001	227.9659
31.5251	221.31377
31.5501	216.36166
31.5751	212.5424
31.6001	209.50899
31.6251	207.03883
31.6501	204.9835
31.6751	203.24076
31.7001	201.73827
31.7251	200.42358
31.7501	199.25789
31.7751	198.21202
31.8001	197.26359
31.8251	196.39528
31.8501	195.59346
31.8751	194.8473
31.9001	194.1481
31.9251	193.4888
31.9501	192.86365
31.9751	192.26789
32.0001	191.69758
32.0251	191.14941
32.0501	190.62062
32.0751	190.10887
32.1001	189.61214
32.1251	189.12875
32.1501	188.65723
32.1751	188.1963
32.2001	187.74489
32.2251	187.30203
32.2501	186.8669
32.2751	186.43877
32.3001	186.01701
32.3251	185.60104
32.3501	185.19038
32.3751	184.78457
32.4001	184.38324
32.4251	183.98603
32.4501	183.59263
32.4751	183.20277
32.5001	182.81619
32.5251	182.43266
32.5501	182.052
32.5751	181.67402
32.6001	181.29854
32.6251	180.92543
32.6501	180.55456
32.6751	180.1858
32.7001	179.81903
32.7251	179.45417
32.7501	179.09111
32.7751	178.72978
32.8001	178.37011
32.8251	178.01201
32.8501	177.65544
32.8751	177.30033
32.9001	176.94637
32.9251	176.58558
32.9501	176.20734
32.9751	175.77584
33.0001	175.30858
33.0251	174.96813
33.0501	174.62858
33.0751	174.2899
33.1001	173.95209
33.1251	173.61513
33.1501	173.27902
33.1751	172.94376
33.2001	172.60907
33.2251	172.26699
33.2501	171.90684
33.2751	171.49259
33.3001	171.04166
33.3251	170.71701
33.3501	170.39297
33.3751	170.06955
33.4001	169.74677
33.4251	169.42463
33.4501	169.10315
33.4751	168.78232
33.5001	168.46215
33.5251	168.14266
33.5501	167.82385
33.5751	167.50573
33.6001	167.1883
33.6251	166.87158
33.6501	166.55557
33.6751	166.24027
33.7001	165.9257
33.7251	165.61187
33.7501	165.29877
33.7751	164.98642
33.8001	164.67483
33.8251	164.364
33.8501	164.05393
33.8751	163.74465
33.9001	163.43614
33.9251	163.12842
33.9501	162.82151
33.9751	162.51539
34.0001	162.21008
34.0251	161.90559
34.0501	161.60192
34.0751	161.29909
34.1001	160.99709
34.1251	160.69593
34.1501	160.39562
34.1751	160.09617
34.2001	159.79758
34.2251	159.49985
34.2501	159.20301
34.2751	158.90704
34.3001	158.61196
34.3251	158.31777
34.3501	158.02449
34.3751	157.7321
34.4001	157.44063
34.4251	157.15008
34.4501	156.86045
34.4751	156.57174
34.5001	156.28397
34.5251	155.99714
34.5501	155.71126
34.5751	155.42633
34.6001	155.14236
34.6251	154.85934
34.6501	154.5773
34.6751	154.29622
34.7001	154.01613
34.7251	153.73702
34.7501	153.4589
34.7751	153.18177
34.8001	152.90564
34.8251	152.63052
34.8501	152.35641
34.8751	152.08331
34.9001	151.81122
34.9251	151.54017
34.9501	151.27014
34.9751	151.00114
35.0001	150.73319
35.0251	150.46627
35.0501	150.20041
35.0751	149.93559
35.1001	149.67184
35.1251	149.40914
35.1501	149.14751
35.1751	148.88695
35.2001	148.62746
35.2251	148.36905
35.2501	148.11173
35.2751	147.85549
35.3001	147.60034
35.3251	147.34628
35.3501	147.09333
35.3751	146.84148
35.4001	146.59073
35.4251	146.3411
35.4501	146.09257
35.4751	145.84517
35.5001	145.59889
35.5251	145.35373
35.5501	145.1097
35.5751	144.86681
35.6001	144.62505
35.6251	144.38443
35.6501	144.14495
35.6751	143.90662
35.7001	143.66943
35.7251	143.4334
35.7501	143.19853
35.7751	142.96481
35.8001	142.73226
35.8251	142.50087
35.8501	142.27064
35.8751	142.04159
35.9001	141.81371
35.9251	141.58701
35.9501	141.36148
35.9751	141.13714
36.0001	140.91399
36.0251	140.69202
36.0501	140.47124
36.0751	140.25165
36.1001	140.03325
36.1251	139.81605
36.1501	139.60006
36.1751	139.38526
36.2001	139.17167
36.2251	138.95928
36.2501	138.7481
36.2751	138.53813
36.3001	138.32938
36.3251	138.12191
36.3501	137.92682
36.3751	137.77069
36.4001	137.72956
36.4251	137.5323
36.4501	137.33646
36.4751	137.14206
36.5001	136.9491
36.5251	136.7576
36.5501	136.56757
36.5751	136.37903
36.6001	136.192
36.6251	136.00647
36.6501	135.82249
36.6751	135.64005
36.7001	135.45919
36.7251	135.27992
36.7501	135.10226
36.7751	134.92623
36.8001	134.75187
36.8251	134.58012
36.8501	134.42658
36.8751	134.32805
36.9001	134.29614
36.9251	134.13725
36.9501	133.98051
36.9751	133.82599
37.0001	133.67375
37.0251	133.52386
37.0501	133.37639
37.0751	133.23142
37.1001	133.08906
37.1251	132.94938
37.1501	132.8125
37.1751	132.67853
37.2001	132.5476
37.2251	132.41984
37.2501	132.29541
37.2751	132.17448
37.3001	132.05722
37.3251	131.94385
37.3501	131.83457
37.3751	131.72965
37.4001	131.62937
37.4251	131.53401
37.4501	131.44395
37.4751	131.35955
37.5001	131.28125
37.5251	131.20955
37.5501	131.14498
37.5751	131.08818
37.6001	131.03985
37.6251	131.00081
37.6501	130.97197
37.6751	130.95441
37.7001	130.94934
37.7251	130.9582
37.7501	130.98263
37.7751	131.02456
37.8001	131.08628
37.8251	131.17047
37.8501	131.28032
37.8751	131.41965
37.9001	131.59307
37.9251	131.80617
37.9501	132.06578
37.9751	132.38035
38.0001	132.76037
38.0251	133.21909
38.0501	133.77335
38.0751	134.44491
38.1001	135.2622
38.1251	136.26304
38.1501	137.49864
38.1751	139.03973
38.2001	140.98641
38.2251	143.48428
38.2501	146.75204
38.2751	151.13129
38.3001	157.18143
38.3251	165.87426
38.3501	179.03145
38.3751	200.44184
38.4001	239.92655
38.4251	340.24791
38.4501	687.40251
38.4751	1673.05787
38.5001	3078.85344
38.5251	2147.68765
38.5501	947.91569
38.5751	1075.81378
38.6001	1511.69826
38.6251	1170.38197
38.6501	535.90718
38.6751	285.00114
38.7001	214.85411
38.7251	185.75159
38.7501	169.11135
38.7751	158.48745
38.8001	151.24239
38.8251	146.05272
38.8501	142.1906
38.8751	139.22718
38.9001	136.89556
38.9251	135.02209
38.9501	133.48958
38.9751	132.21646
39.0001	131.14444
39.0251	130.23093
39.0501	129.44419
39.0751	128.76016
39.1001	128.16028
39.1251	127.63012
39.1501	127.15822
39.1751	126.73547
39.2001	126.35449
39.2251	126.00929
39.2501	125.69493
39.2751	125.40733
39.3001	125.14309
39.3251	124.89937
39.3501	124.67375
39.3751	124.46418
39.4001	124.26892
39.4251	124.08647
39.4501	123.91554
39.4751	123.75501
39.5001	123.60391
39.5251	123.46138
39.5501	123.32669
39.5751	123.19918
39.6001	123.07827
39.6251	122.96346
39.6501	122.85429
39.6751	122.75034
39.7001	122.65128
39.7251	122.55676
39.7501	122.46651
39.7751	122.38025
39.8001	122.29776
39.8251	122.21882
39.8501	122.14324
39.8751	122.07084
39.9001	122.00147
39.9251	121.93497
39.9501	121.87122
39.9751	121.8101
40.0001	121.75148
40.0251	121.69528
40.0501	121.64139
40.0751	121.58972
40.1001	121.54021
40.1251	121.49277
40.1501	121.44733
40.1751	121.40383
40.2001	121.36221
40.2251	121.32242
40.2501	121.2844
40.2751	121.248
40.3001	121.20212
40.3251	121.12098
40.3501	120.93606
40.3751	120.91221
40.4001	120.88963
40.4251	120.86832
40.4501	120.84824
40.4751	120.82938
40.5001	120.81174
40.5251	120.79527
40.5501	120.77999
40.5751	120.76485
40.6001	120.73443
40.6251	120.65215
40.6501	120.51708
40.6751	120.51233
40.7001	120.5085
40.7251	120.50559
40.7501	120.5036
40.7751	120.50253
40.8001	120.50236
40.8251	120.5031
40.8501	120.50474
40.8751	120.50728
40.9001	120.5107
40.9251	120.51502
40.9501	120.52021
40.9751	120.52629
41.0001	120.53323
41.0251	120.54105
41.0501	120.54972
41.0751	120.55926
41.1001	120.56965
41.1251	120.58089
41.1501	120.59297
41.1751	120.60589
41.2001	120.61965
41.2251	120.63424
41.2501	120.64966
41.2751	120.66589
41.3001	120.68294
41.3251	120.7008
41.3501	120.71947
41.3751	120.73894
41.4001	120.7592
41.4251	120.78026
41.4501	120.8021
41.4751	120.82472
41.5001	120.84812
41.5251	120.8723
41.5501	120.89723
41.5751	120.92293
41.6001	120.94939
41.6251	120.9766
41.6501	121.00455
41.6751	121.03324
41.7001	121.06268
41.7251	121.09284
41.7501	121.12373
41.7751	121.15534
41.8001	121.18766
41.8251	121.2207
41.8501	121.25444
41.8751	121.28888
41.9001	121.32402
41.9251	121.35984
41.9501	121.39636
41.9751	121.43355
42.0001	121.47141
42.0251	121.50995
42.0501	121.54915
42.0751	121.58901
42.1001	121.62952
42.1251	121.67068
42.1501	121.71248
42.1751	121.75492
42.2001	121.79799
42.2251	121.84169
42.2501	121.88601
42.2751	121.93095
42.3001	121.9765
42.3251	122.02266
42.3501	122.06941
42.3751	122.11676
42.4001	122.1647
42.4251	122.21323
42.4501	122.26233
42.4751	122.31201
42.5001	122.36226
42.5251	122.41391
42.5501	122.48081
42.5751	122.62399
42.6001	122.67896
42.6251	122.73457
42.6501	122.7908
42.6751	122.84766
42.7001	122.90515
42.7251	122.96326
42.7501	123.022
42.7751	123.08137
42.8001	123.14137
42.8251	123.202
42.8501	123.26325
42.8751	123.32514
42.9001	123.38766
42.9251	123.45082
42.9501	123.51462
42.9751	123.57907
43.0001	123.64417
43.0251	123.70992
43.0501	123.77719
43.0751	123.8598
43.1001	124.0185
43.1251	124.09003
43.1501	124.1624
43.1751	124.23561
43.2001	124.3097
43.2251	124.38469
43.2501	124.4606
43.2751	124.53746
43.3001	124.61531
43.3251	124.69417
43.3501	124.7741
43.3751	124.85512
43.4001	124.9373
43.4251	125.02067
43.4501	125.1053
43.4751	125.19124
43.5001	125.27858
43.5251	125.36738
43.5501	125.45773
43.5751	125.54973
43.6001	125.64348
43.6251	125.7391
43.6501	125.83673
43.6751	125.9365
43.7001	126.03858
43.7251	126.14316
43.7501	126.25045
43.7751	126.36067
43.8001	126.4741
43.8251	126.59104
43.8501	126.71183
43.8751	126.83686
43.9001	126.96657
43.9251	127.10148
43.9501	127.24219
43.9751	127.38937
44.0001	127.54383
44.0251	127.7065
44.0501	127.87847
44.0751	128.06104
44.1001	128.25574
44.1251	128.46439
44.1501	128.68921
44.1751	128.93285
44.2001	129.19858
44.2251	129.49039
44.2501	129.81327
44.2751	130.17343
44.3001	130.57882
44.3251	131.03959
44.3501	131.56899
44.3751	132.18453
44.4001	132.90978
44.4251	133.77709
44.4501	134.83187
44.4751	136.13955
44.5001	137.79734
44.5251	139.95503
44.5501	142.85371
44.5751	146.90296
44.6001	152.84728
44.6251	162.16443
44.6501	178.19799
44.6751	211.65426
44.7001	318.37726
44.7251	709.23147
44.7501	1464.20826
44.7751	1322.06713
44.8001	551.10506
44.8251	392.68854
44.8501	571.24049
44.8751	801.25952
44.9001	624.63377
44.9251	327.85065
44.9501	208.52036
44.9751	174.0452
45.0001	159.83093
45.0251	151.77701
45.0501	146.67568
45.0751	143.23212
45.1001	140.79691
45.1251	139.01288
45.1501	137.6696
45.1751	136.63618
45.2001	135.82744
45.2251	135.1859
45.2501	134.67154
45.2751	134.25574
45.3001	133.91758
45.3251	133.64147
45.3501	133.41555
45.3751	133.2307
45.4001	133.07979
45.4251	132.95719
45.4501	132.85837
45.4751	132.7797
45.5001	132.7182
45.5251	132.67144
45.5501	132.63738
45.5751	132.61434
45.6001	132.60089
45.6251	132.59584
45.6501	132.59817
45.6751	132.607
45.7001	132.62158
45.7251	132.64127
45.7501	132.6655
45.7751	132.69379
45.8001	132.72571
45.8251	132.76089
45.8501	132.79898
45.8751	132.83971
45.9001	132.88282
45.9251	132.92806
45.9501	132.97525
45.9751	133.02418
46.0001	133.0747
46.0251	133.12667
46.0501	133.17993
46.0751	133.23439
46.1001	133.28991
46.1251	133.34641
46.1501	133.40379
46.1751	133.46198
46.2001	133.52088
46.2251	133.58044
46.2501	133.6406
46.2751	133.70128
46.3001	133.76244
46.3251	133.82403
46.3501	133.886
46.3751	133.94831
46.4001	134.01091
46.4251	134.07377
46.4501	134.13686
46.4751	134.20015
46.5001	134.26359
46.5251	134.32717
46.5501	134.39086
46.5751	134.45463
46.6001	134.51846
46.6251	134.58217
46.6501	134.63628
46.6751	134.63502
46.7001	134.67186
46.7251	134.73842
46.7501	134.80481
46.7751	134.87103
46.8001	134.93706
46.8251	135.00289
46.8501	135.06852
46.8751	135.13393
46.9001	135.19912
46.9251	135.26141
46.9501	135.30198
46.9751	135.28888
47.0001	135.35541
47.0251	135.42161
47.0501	135.48745
47.0751	135.55296
47.1001	135.61811
47.1251	135.68291
47.1501	135.74735
47.1751	135.81143
47.2001	135.87515
47.2251	135.9385
47.2501	136.00148
47.2751	136.06408
47.3001	136.1263
47.3251	136.18814
47.3501	136.24959
47.3751	136.31065
47.4001	136.37132
47.4251	136.4316
47.4501	136.49147
47.4751	136.55094
47.5001	136.61
47.5251	136.66865
47.5501	136.72689
47.5751	136.78471
47.6001	136.84211
47.6251	136.89908
47.6501	136.95563
47.6751	137.01175
47.7001	137.06743
47.7251	137.12268
47.7501	137.17748
47.7751	137.23185
47.8001	137.28576
47.8251	137.33923
47.8501	137.39224
47.8751	137.4448
47.9001	137.4969
47.9251	137.54854
47.9501	137.59971
47.9751	137.65042
48.0001	137.70065
48.0251	137.75041
48.0501	137.79969
48.0751	137.84865
48.1001	137.91484
48.1251	138.07814
48.1501	138.12849
48.1751	138.17844
48.2001	138.22801
48.2251	138.2772
48.2501	138.326
48.2751	138.37442
48.3001	138.42247
48.3251	138.47014
48.3501	138.51745
48.3751	138.56439
48.4001	138.61097
48.4251	138.6572
48.4501	138.70308
48.4751	138.74862
48.5001	138.79382
48.5251	138.8387
48.5501	138.88326
48.5751	138.92752
48.6001	138.97148
48.6251	139.01514
48.6501	139.06272
48.6751	139.16317
48.7001	139.2803
48.7251	139.32675
48.7501	139.37315
48.7751	139.41953
48.8001	139.46591
48.8251	139.51233
48.8501	139.55882
48.8751	139.60543
48.9001	139.6522
48.9251	139.69916
48.9501	139.74638
48.9751	139.7939
49.0001	139.84179
49.0251	139.89012
49.0501	139.93894
49.0751	139.98835
49.1001	140.03842
49.1251	140.08926
49.1501	140.14096
49.1751	140.19364
49.2001	140.24743
49.2251	140.30247
49.2501	140.35891
49.2751	140.41693
49.3001	140.47672
49.3251	140.5385
49.3501	140.6025
49.3751	140.669
49.4001	140.7383
49.4251	140.81075
49.4501	140.88672
49.4751	140.96667
49.5001	141.05108
49.5251	141.14054
49.5501	141.23569
49.5751	141.3373
49.6001	141.44623
49.6251	141.56349
49.6501	141.69026
49.6751	141.82793
49.7001	141.97811
49.7251	142.14273
49.7501	142.3241
49.7751	142.52495
49.8001	142.74862
49.8251	142.99916
49.8501	143.28154
49.8751	143.6019
49.9001	143.96797
49.9251	144.38948
49.9501	144.87892
49.9751	145.45246
50.0001	146.13145
50.0251	146.94447
50.0501	147.93055
50.0751	149.14418
50.1001	150.66337
50.1251	152.60313
50.1501	155.13902
50.1751	158.55036
50.2001	163.30467
50.2251	170.23518
50.2501	180.95075
50.2751	198.91229
50.3001	233.43206
50.3251	328.15811
50.3501	703.76059
50.3751	1643.5544
50.4001	1824.81161
50.4251	795.2967
50.4501	404.63508
50.4751	435.92201
50.5001	716.76315
50.5251	980.52358
50.5501	706.6735
50.5751	366.50558
50.6001	234.57475
50.6251	194.73993
50.6501	177.58999
50.6751	167.69983
50.7001	161.3484
50.7251	157.00107
50.7501	153.88007
50.7751	151.5545
50.8001	149.76918
50.8251	148.36468
50.8501	147.23695
50.8751	146.31553
50.9001	145.55128
50.9251	144.90897
50.9501	144.36281
50.9751	143.89349
51.0001	143.48636
51.0251	143.13011
51.0501	142.81588
51.0751	142.53665
51.1001	142.2868
51.1251	142.0618
51.1501	141.85793
51.1751	141.67213
51.2001	141.50188
51.2251	141.34506
51.2501	141.19989
51.2751	141.06487
51.3001	140.93872
51.3251	140.82033
51.3501	140.70878
51.3751	140.60325
51.4001	140.50303
51.4251	140.40752
51.4501	140.31618
51.4751	140.22854
51.5001	140.14418
51.5251	140.06275
51.5501	139.98391
51.5751	139.90739
51.6001	139.83292
51.6251	139.76028
51.6501	139.68926
51.6751	139.61969
51.7001	139.55139
51.7251	139.48422
51.7501	139.41804
51.7751	139.35273
51.8001	139.28819
51.8251	139.22431
51.8501	139.161
51.8751	139.09819
51.9001	139.03578
51.9251	138.97372
51.9501	138.91195
51.9751	138.85039
52.0001	138.78901
52.0251	138.72775
52.0501	138.66656
52.0751	138.60542
52.1001	138.54427
52.1251	138.48308
52.1501	138.42182
52.1751	138.36047
52.2001	138.29898
52.2251	138.23735
52.2501	138.17554
52.2751	138.11353
52.3001	138.0513
52.3251	137.98883
52.3501	137.92469
52.3751	137.82969
52.4001	137.67122
52.4251	137.611
52.4501	137.55033
52.4751	137.48922
52.5001	137.42766
52.5251	137.36563
52.5501	137.30314
52.5751	137.24019
52.6001	137.17676
52.6251	137.11286
52.6501	137.03864
52.6751	136.90867
52.7001	136.79024
52.7251	136.72714
52.7501	136.66347
52.7751	136.59922
52.8001	136.53441
52.8251	136.46903
52.8501	136.40309
52.8751	136.33659
52.9001	136.26952
52.9251	136.20189
52.9501	136.13371
52.9751	136.06497
53.0001	135.99569
53.0251	135.92585
53.0501	135.85546
53.0751	135.78452
53.1001	135.71304
53.1251	135.64102
53.1501	135.56846
53.1751	135.49536
53.2001	135.42173
53.2251	135.35364
53.2501	135.37208
53.2751	135.29901
53.3001	135.22548
53.3251	135.1515
53.3501	135.07708
53.3751	135.00222
53.4001	134.92692
53.4251	134.8512
53.4501	134.77507
53.4751	134.69852
53.5001	134.62156
53.5251	134.54421
53.5501	134.46647
53.5751	134.38835
53.6001	134.30985
53.6251	134.23099
53.6501	134.15177
53.6751	134.07221
53.7001	133.99232
53.7251	133.9121
53.7501	133.83157
53.7751	133.75073
53.8001	133.66963
53.8251	133.60199
53.8501	133.60672
53.8751	133.52751
53.9001	133.44819
53.9251	133.36877
53.9501	133.28928
53.9751	133.20974
54.0001	133.13018
54.0251	133.05064
54.0501	132.97115
54.0751	132.89173
54.1001	132.81243
54.1251	132.7333
54.1501	132.65436
54.1751	132.57566
54.2001	132.49727
54.2251	132.41923
54.2501	132.34161
54.2751	132.26446
54.3001	132.18786
54.3251	132.11189
54.3501	132.03663
54.3751	131.96217
54.4001	131.88862
54.4251	131.8161
54.4501	131.74471
54.4751	131.67461
54.5001	131.60594
54.5251	131.53887
54.5501	131.47359
54.5751	131.41033
54.6001	131.3493
54.6251	131.29078
54.6501	131.23507
54.6751	131.18251
54.7001	131.13349
54.7251	131.08845
54.7501	131.04788
54.7751	131.01238
54.8001	130.9826
54.8251	130.95932
54.8501	130.94344
54.8751	130.93601
54.9001	130.93827
54.9251	130.95167
54.9501	130.97796
54.9751	131.01922
55.0001	131.07796
55.0251	131.15723
55.0501	131.26076
55.0751	131.39319
55.1001	131.56028
55.1251	131.76931
55.1501	132.02958
55.1751	132.35314
55.2001	132.75581
55.2251	133.2587
55.2501	133.89056
55.2751	134.69136
55.3001	135.71805
55.3251	137.05413
55.3501	138.82616
55.3751	141.23388
55.4001	144.60803
55.4251	149.52986
55.4501	157.10046
55.4751	169.62004
55.5001	192.77638
55.5251	249.57289
55.5501	469.75468
55.5751	1128.21071
55.6001	1477.05725
55.6251	718.49452
55.6501	332.4443
55.6751	274.49756
55.7001	358.81439
55.7251	599.50774
55.7501	744.07608
55.7751	493.36018
55.8001	271.30382
55.8251	190.23146
55.8501	164.36243
55.8751	152.41743
55.9001	145.32144
55.9251	140.67137
55.9501	137.42811
55.9751	135.05509
56.0001	133.25126
56.0251	131.83661
56.0501	130.69784
56.0751	129.76054
56.1001	128.97412
56.1251	128.30311
56.1501	127.72199
56.1751	127.21202
56.2001	126.75914
56.2251	126.35265
56.2501	125.98425
56.2751	125.64745
56.3001	125.33709
56.3251	125.04902
56.3501	124.7799
56.3751	124.52697
56.4001	124.28799
56.4251	124.06107
56.4501	123.84464
56.4751	123.63738
56.5001	123.43818
56.5251	123.24608
56.5501	123.06026
56.5751	122.88003
56.6001	122.70477
56.6251	122.53397
56.6501	122.36717
56.6751	122.20397
56.7001	122.04402
56.7251	121.88701
56.7501	121.73267
56.7751	121.58076
56.8001	121.43107
56.8251	121.2834
56.8501	121.1376
56.8751	120.99349
56.9001	120.85097
56.9251	120.70989
56.9501	120.57015
56.9751	120.43166
57.0001	120.29432
57.0251	120.15806
57.0501	120.0228
57.0751	119.88847
57.1001	119.75502
57.1251	119.6224
57.1501	119.49055
57.1751	119.35943
57.2001	119.229
57.2251	119.09922
57.2501	118.97006
57.2751	118.84148
57.3001	118.71346
57.3251	118.58598
57.3501	118.45901
57.3751	118.33253
57.4001	118.20651
57.4251	118.08095
57.4501	117.95582
57.4751	117.83111
57.5001	117.70681
57.5251	117.5829
57.5501	117.45938
57.5751	117.33623
57.6001	117.21344
57.6251	117.09098
57.6501	116.95475
57.6751	116.75045
57.7001	116.6315
57.7251	116.51278
57.7501	116.39431
57.7751	116.27607
57.8001	116.15807
57.8251	116.0403
57.8501	115.92277
57.8751	115.80549
57.9001	115.68844
57.9251	115.56939
57.9501	115.40209
57.9751	115.24276
58.0001	115.12867
58.0251	115.01477
58.0501	114.90106
58.0751	114.78754
58.1001	114.67423
58.1251	114.56112
58.1501	114.44822
58.1751	114.33554
58.2001	114.22307
58.2251	114.11083
58.2501	113.99881
58.2751	113.88703
58.3001	113.77549
58.3251	113.66418
58.3501	113.55312
58.3751	113.44231
58.4001	113.33176
58.4251	113.22146
58.4501	113.11143
58.4751	113.00167
58.5001	112.89218
58.5251	112.78296
58.5501	112.67403
58.5751	112.56538
58.6001	112.45703
58.6251	112.34897
58.6501	112.2412
58.6751	112.13374
58.7001	112.02659
58.7251	111.91975
58.7501	111.81323
58.7751	111.70703
58.8001	111.60116
58.8251	111.49562
58.8501	111.39041
58.8751	111.28554
58.9001	111.18101
58.9251	111.07683
58.9501	110.973
58.9751	110.86953
59.0001	110.76643
59.0251	110.66368
59.0501	110.56131
59.0751	110.45931
59.1001	110.35769
59.1251	110.25645
59.1501	110.1556
59.1751	110.05514
59.2001	109.95507
59.2251	109.85541
59.2501	109.75615
59.2751	109.6573
59.3001	109.55886
59.3251	109.46084
59.3501	109.36324
59.3751	109.26606
59.4001	109.16932
59.4251	109.07301
59.4501	108.97714
59.4751	108.88171
59.5001	108.78673
59.5251	108.6922
59.5501	108.59813
59.5751	108.50451
59.6001	108.41136
59.6251	108.31868
59.6501	108.22647
59.6751	108.13474
59.7001	108.04349
59.7251	107.95272
59.7501	107.86244
59.7751	107.77266
59.8001	107.68337
59.8251	107.59458
59.8501	107.5063
59.8751	107.41853
59.9001	107.33127
59.9251	107.24452
59.9501	107.15831
59.9751	107.07261
60.0001	106.98745
60.0251	106.90282
60.0501	106.81872
60.0751	106.73517
60.1001	106.65217
60.1251	106.56971
60.1501	106.48781
60.1751	106.40647
60.2001	106.32568
60.2251	106.24547
60.2501	106.16582
60.2751	106.08675
60.3001	106.00825
60.3251	105.93034
60.3501	105.853
60.3751	105.77626
60.4001	105.70011
60.4251	105.62456
60.4501	105.54961
60.4751	105.47526
60.5001	105.40152
60.5251	105.32839
60.5501	105.25588
60.5751	105.18398
60.6001	105.11271
60.6251	105.04207
60.6501	104.97205
60.6751	104.90267
60.7001	104.83393
60.7251	104.76583
60.7501	104.69837
60.7751	104.63156
60.8001	104.56541
60.8251	104.49991
60.8501	104.43506
60.8751	104.37089
60.9001	104.30737
60.9251	104.24453
60.9501	104.18236
60.9751	104.12087
61.0001	104.06006
61.0251	103.99993
61.0501	103.94049
61.0751	103.88174
61.1001	103.82369
61.1251	103.76633
61.1501	103.70967
61.1751	103.65372
61.2001	103.59848
61.2251	103.54394
61.2501	103.49012
61.2751	103.43702
61.3001	103.38464
61.3251	103.33298
61.3501	103.28205
61.3751	103.23185
61.4001	103.18239
61.4251	103.13366
61.4501	103.08567
61.4751	103.03842
61.5001	102.99192
61.5251	102.94617
61.5501	102.90118
61.5751	102.85693
61.6001	102.81345
61.6251	102.77073
61.6501	102.72877
61.6751	102.68758
61.7001	102.64716
61.7251	102.60752
61.7501	102.56865
61.7751	102.53056
61.8001	102.49325
61.8251	102.45673
61.8501	102.421
61.8751	102.38606
61.9001	102.35191
61.9251	102.31855
61.9501	102.286
61.9751	102.25425
62.0001	102.2233
62.0251	102.19316
62.0501	102.16383
62.0751	102.13531
62.1001	102.10761
62.1251	102.08073
62.1501	102.05467
62.1751	102.02943
62.2001	102.00501
62.2251	101.98143
62.2501	101.95867
62.2751	101.93675
62.3001	101.91566
62.3251	101.89541
62.3501	101.876
62.3751	101.85744
62.4001	101.83972
62.4251	101.82284
62.4501	101.80682
62.4751	101.79165
62.5001	101.77733
62.5251	101.76388
62.5501	101.75128
62.5751	101.73954
62.6001	101.72866
62.6251	101.71879
62.6501	101.75273
62.6751	101.76911
62.7001	101.76309
62.7251	101.75799
62.7501	101.75382
62.7751	101.75056
62.8001	101.74824
62.8251	101.74684
62.8501	101.74639
62.8751	101.74687
62.9001	101.7483
62.9251	101.75068
62.9501	101.75401
62.9751	101.75831
63.0001	101.76356
63.0251	101.76979
63.0501	101.77699
63.0751	101.78516
63.1001	101.79433
63.1251	101.80448
63.1501	101.81563
63.1751	101.82778
63.2001	101.84095
63.2251	101.85512
63.2501	101.87032
63.2751	101.88656
63.3001	101.92184
63.3251	101.98999
63.3501	102.01108
63.3751	102.03329
63.4001	102.05664
63.4251	102.08115
63.4501	102.10684
63.4751	102.13371
63.5001	102.16178
63.5251	102.19108
63.5501	102.22162
63.5751	102.25342
63.6001	102.28651
63.6251	102.3209
63.6501	102.35662
63.6751	102.3937
63.7001	102.43218
63.7251	102.47207
63.7501	102.51342
63.7751	102.55626
63.8001	102.60064
63.8251	102.64659
63.8501	102.69417
63.8751	102.74343
63.9001	102.79442
63.9251	102.84722
63.9501	102.90188
63.9751	102.95849
64.0001	103.01713
64.0251	103.07789
64.0501	103.14088
64.0751	103.20622
64.1001	103.27402
64.1251	103.34444
64.1501	103.41763
64.1751	103.49377
64.2001	103.57307
64.2251	103.65575
64.2501	103.74208
64.2751	103.83235
64.3001	103.9269
64.3251	104.0261
64.3501	104.13041
64.3751	104.24034
64.4001	104.35648
64.4251	104.47951
64.4501	104.61026
64.4751	104.74967
64.5001	104.89888
64.5251	105.05923
64.5501	105.23233
64.5751	105.42014
64.6001	105.62502
64.6251	105.84991
64.6501	106.09841
64.6751	106.37506
64.7001	106.68557
64.7251	107.03731
64.7501	107.43981
64.7751	107.90566
64.8001	108.45176
64.8251	109.10123
64.8501	109.88639
64.8751	110.85365
64.9001	112.07155
64.9251	113.64498
64.9501	115.74117
64.9751	118.64042
65.0001	122.84225
65.0251	129.30832
65.0501	140.08899
65.0751	160.593
65.1001	215.96431
65.1251	427.68152
65.1501	915.04531
65.1751	911.78677
65.2001	422.87253
65.2251	225.22834
65.2501	183.45535
65.2751	189.03604
65.3001	254.47402
65.3251	412.58291
65.3501	517.95806
65.3751	368.8671
65.4001	218.32916
65.4251	156.45492
65.4501	135.90326
65.4751	126.93129
65.5001	121.78836
65.5251	118.50449
65.5501	116.28137
65.5751	114.7114
65.6001	113.56693
65.6251	112.71248
65.6501	112.06319
65.6751	111.56355
65.7001	111.17597
65.7251	110.87416
65.7501	110.6393
65.7751	110.45758
65.8001	110.31866
65.8251	110.21467
65.8501	110.13954
65.8751	110.08851
65.9001	110.0578
65.9251	110.04438
65.9501	110.04581
65.9751	110.06006
66.0001	110.08549
66.0251	110.12072
66.0501	110.1646
66.0751	110.21616
66.1001	110.27458
66.1251	110.33916
66.1501	110.40931
66.1751	110.48449
66.2001	110.56427
66.2251	110.64825
66.2501	110.7361
66.2751	110.82753
66.3001	110.92226
66.3251	111.02007
66.3501	111.12075
66.3751	111.22412
66.4001	111.33003
66.4251	111.43832
66.4501	111.54887
66.4751	111.66155
66.5001	111.77627
66.5251	111.89294
66.5501	112.01145
66.5751	112.13174
66.6001	112.25374
66.6251	112.37738
66.6501	112.50259
66.6751	112.62934
66.7001	112.75756
66.7251	112.88722
66.7501	113.01826
66.7751	113.15065
66.8001	113.28436
66.8251	113.41935
66.8501	113.55558
66.8751	113.69304
66.9001	113.83169
66.9251	113.97151
66.9501	114.11248
66.9751	114.25456
67.0001	114.39775
67.0251	114.54202
67.0501	114.68768
67.0751	114.89632
67.1001	115.04495
67.1251	115.19464
67.1501	115.34537
67.1751	115.49711
67.2001	115.64988
67.2251	115.80364
67.2501	115.9584
67.2751	116.11413
67.3001	116.27084
67.3251	116.42851
67.3501	116.58713
67.3751	116.74513
67.4001	116.84135
67.4251	117.00437
67.4501	117.16826
67.4751	117.33301
67.5001	117.49863
67.5251	117.66512
67.5501	117.83246
67.5751	118.00066
67.6001	118.16971
67.6251	118.33962
67.6501	118.51038
67.6751	118.66281
67.7001	118.78926
67.7251	118.96383
67.7501	119.1788
67.7751	119.37886
67.8001	119.55743
67.8251	119.73688
67.8501	119.91721
67.8751	120.09843
67.9001	120.28054
67.9251	120.46357
67.9501	120.64751
67.9751	120.83237
68.0001	121.01817
68.0251	121.20492
68.0501	121.39263
68.0751	121.58131
68.1001	121.77099
68.1251	121.96167
68.1501	122.15339
68.1751	122.34615
68.2001	122.53999
68.2251	122.73493
68.2501	122.93099
68.2751	123.12822
68.3001	123.32663
68.3251	123.52628
68.3501	123.7272
68.3751	123.92944
68.4001	124.13305
68.4251	124.33809
68.4501	124.54461
68.4751	124.7527
68.5001	124.96242
68.5251	125.17386
68.5501	125.38713
68.5751	125.60231
68.6001	125.81955
68.6251	126.03896
68.6501	126.2607
68.6751	126.48495
68.7001	126.71189
68.7251	126.94175
68.7501	127.17477
68.7751	127.41123
68.8001	127.65147
68.8251	127.89584
68.8501	128.14479
68.8751	128.3988
68.9001	128.65845
68.9251	128.9244
68.9501	129.19746
68.9751	129.47854
69.0001	129.76875
69.0251	130.06938
69.0501	130.38202
69.0751	130.70857
69.1001	131.05135
69.1251	131.41319
69.1501	131.79762
69.1751	132.20907
69.2001	132.65311
69.2251	133.13693
69.2501	133.66983
69.2751	134.26409
69.3001	134.9362
69.3251	135.70871
69.3501	136.61313
69.3751	137.69469
69.4001	139.02017
69.4251	140.69162
69.4501	142.87155
69.4751	145.83178
69.5001	150.0553
69.5251	156.46761
69.5501	167.02868
69.5751	186.87755
69.6001	239.51795
69.6251	433.9442
69.6501	879.47865
69.6751	896.64431
69.7001	447.8145
69.7251	251.9507
69.7501	205.2336
69.7751	198.40835
69.8001	222.98777
69.8251	313.09564
69.8501	471.26373
69.8751	492.51602
69.9001	330.75283
69.9251	219.16608
69.9501	176.82331
69.9751	161.87455
70.0001	154.75547
70.0251	150.55546
70.0501	147.86088
70.0751	146.04825
70.1001	144.78865
70.1251	143.89435
70.1501	143.25172
70.1751	142.78858
70.2001	142.45724
70.2251	142.22504
70.2501	142.06904
70.2751	141.97262
70.3001	141.92356
70.3251	141.91267
70.3501	141.9329
70.3751	141.97879
70.4001	142.04606
70.4251	142.13128
70.4501	142.23171
70.4751	142.3451
70.5001	142.46962
70.5251	142.60376
70.5501	142.74624
70.5751	142.89602
70.6001	143.05218
70.6251	143.21398
70.6501	143.38075
70.6751	143.55194
70.7001	143.72706
70.7251	143.90569
70.7501	144.08748
70.7751	144.27208
70.8001	144.45924
70.8251	144.64868
70.8501	144.84021
70.8751	145.03361
70.9001	145.22871
70.9251	145.42536
70.9501	145.62341
70.9751	145.82275
71.0001	146.02325
71.0251	146.22481
71.0501	146.42734
71.0751	146.63074
71.1001	146.83495
71.1251	147.03989
71.1501	147.2455
71.1751	147.4517
71.2001	147.65846
71.2251	147.8657
71.2501	148.0734
71.2751	148.28149
71.3001	148.48995
71.3251	148.69873
71.3501	148.94399
71.3751	149.15949
71.4001	149.36983
71.4251	149.58037
71.4501	149.7911
71.4751	150.00199
71.5001	150.213
71.5251	150.42413
71.5501	150.63534
71.5751	150.84661
71.6001	151.05793
71.6251	151.26928
71.6501	151.48063
71.6751	151.69197
71.7001	151.90329
71.7251	152.11457
71.7501	152.32578
71.7751	152.53693
71.8001	152.74799
71.8251	152.95895
71.8501	153.1698
71.8751	153.38052
71.9001	153.59111
71.9251	153.80155
71.9501	154.01184
71.9751	154.20665
72.0001	154.37115
72.0251	154.5823
72.0501	154.79317
72.0751	155.04563
72.1001	155.25701
72.1251	155.46816
72.1501	155.67908
72.1751	155.88977
72.2001	156.10022
72.2251	156.31043
72.2501	156.51681
72.2751	156.66872
72.3001	156.87938
72.3251	157.08975
72.3501	157.29986
72.3751	157.5097
72.4001	157.71927
72.4251	157.92859
72.4501	158.13765
72.4751	158.34646
72.5001	158.55504
72.5251	158.76338
72.5501	158.97151
72.5751	159.17943
72.6001	159.38715
72.6251	159.5947
72.6501	159.80208
72.6751	160.00933
72.7001	160.21645
72.7251	160.42349
72.7501	160.63046
72.7751	160.83739
72.8001	161.04433
72.8251	161.25132
72.8501	161.45839
72.8751	161.6656
72.9001	161.87301
72.9251	162.08067
72.9501	162.28867
72.9751	162.49708
73.0001	162.706
73.0251	162.91552
73.0501	163.12578
73.0751	163.33689
73.1001	163.54901
73.1251	163.76231
73.1501	163.977
73.1751	164.1933
73.2001	164.41146
73.2251	164.6318
73.2501	164.85466
73.2751	165.08044
73.3001	165.30963
73.3251	165.54278
73.3501	165.78055
73.3751	166.02372
73.4001	166.27323
73.4251	166.5302
73.4501	166.79598
73.4751	167.07225
73.5001	167.36102
73.5251	167.66484
73.5501	167.98688
73.5751	168.33116
73.6001	168.70285
73.6251	169.10867
73.6501	169.5575
73.6751	170.06127
73.7001	170.63635
73.7251	171.30567
73.7501	172.10219
73.7751	173.07473
73.8001	174.29812
73.8251	175.89187
73.8501	178.05665
73.8751	181.15034
73.9001	185.86164
73.9251	193.65891
73.9501	208.54698
73.9751	249.47308
74.0001	394.57754
74.0251	692.27345
74.0501	656.03634
74.0751	367.80733
74.1001	246.65998
74.1251	215.83895
74.1501	208.59002
74.1751	214.81918
74.2001	247.88315
74.2251	331.25008
74.2501	422.03444
74.2751	369.12607
74.3001	266.77464
74.3251	213.56684
74.3501	194.35916
74.3751	186.80414
74.4001	182.82068
74.4251	180.37005
74.4501	178.7595
74.4751	177.65578
74.5001	176.87658
74.5251	176.3151
74.5501	175.90538
74.5751	175.60481
74.6001	175.38483
74.6251	175.22568
74.6501	175.1133
74.6751	175.03748
74.7001	174.9906
74.7251	174.96691
74.7501	174.96199
74.7751	174.97238
74.8001	174.99535
74.8251	175.02873
74.8501	175.07075
74.8751	175.11996
74.9001	175.17519
74.9251	175.23546
74.9501	175.29993
74.9751	175.36791
75.0001	175.43883
75.0251	175.51218
75.0501	175.58754
75.0751	175.66452
75.1001	175.74282
75.1251	175.82215
75.1501	175.90227
75.1751	175.98297
75.2001	176.06405
75.2251	176.14536
75.2501	176.22673
75.2751	176.30805
75.3001	176.38919
75.3251	176.47005
75.3501	176.55052
75.3751	176.63053
75.4001	176.71
75.4251	176.78885
75.4501	176.86702
75.4751	176.94445
75.5001	177.02109
75.5251	177.10221
75.5501	177.24855
75.5751	177.32393
75.6001	177.39839
75.6251	177.47187
75.6501	177.54436
75.6751	177.61583
75.7001	177.68624
75.7251	177.75556
75.7501	177.82378
75.7751	177.89088
75.8001	177.95683
75.8251	178.02161
75.8501	178.08521
75.8751	178.14761
75.9001	178.20879
75.9251	178.26873
75.9501	178.32744
75.9751	178.38488
76.0001	178.44106
76.0251	178.49595
76.0501	178.54956
76.0751	178.60186
76.1001	178.65286
76.1251	178.70254
76.1501	178.75089
76.1751	178.79791
76.2001	178.8436
76.2251	178.88794
76.2501	178.93094
76.2751	178.97282
76.3001	179.08941
76.3251	179.13007
76.3501	179.16943
76.3751	179.2075
76.4001	179.24427
76.4251	179.27975
76.4501	179.27511
76.4751	179.30661
76.5001	179.33913
76.5251	179.37036
76.5501	179.40029
76.5751	179.42895
76.6001	179.45635
76.6251	179.48249
76.6501	179.5074
76.6751	179.53109
76.7001	179.55358
76.7251	179.56105
76.7501	179.5543
76.7751	179.57406
76.8001	179.5927
76.8251	179.61024
76.8501	179.62673
76.8751	179.64219
76.9001	179.65668
76.9251	179.67022
76.9501	179.68288
76.9751	179.69471
77.0001	179.70576
77.0251	179.7161
77.0501	179.72581
77.0751	179.73495
77.1001	179.74363
77.1251	179.75194
77.1501	179.75998
77.1751	179.76787
77.2001	179.77576
77.2251	179.78377
77.2501	179.79209
77.2751	179.8009
77.3001	179.8104
77.3251	179.82083
77.3501	179.83245
77.3751	179.84556
77.4001	179.8605
77.4251	179.87766
77.4501	179.89746
77.4751	179.92043
77.5001	179.94713
77.5251	179.97824
77.5501	180.01454
77.5751	180.05692
77.6001	180.10645
77.6251	180.16438
77.6501	180.23218
77.6751	180.31161
77.7001	180.40479
77.7251	180.51426
77.7501	180.64313
77.7751	180.7952
77.8001	180.9752
77.8251	181.18902
77.8501	181.44414
77.8751	181.75013
77.9001	182.11939
77.9251	182.5683
77.9501	183.11878
77.9751	183.80081
78.0001	184.65621
78.0251	185.74486
78.0501	187.15496
78.0751	189.02089
78.1001	191.55566
78.1251	195.11348
78.1501	200.31855
78.1751	208.35315
78.2001	221.68401
78.2251	246.74234
78.2501	311.64574
78.2751	533.90319
78.3001	1039.61886
78.3251	1143.25947
78.3501	621.31047
78.3751	345.06535
78.4001	266.51453
78.4251	243.94947
78.4501	241.15782
78.4751	261.31913
78.5001	334.76635
78.5251	495.21912
78.5501	632.5613
78.5751	511.60621
78.6001	337.93885
78.6251	249.57108
78.6501	216.46152
78.6751	202.71194
78.7001	195.15967
78.7251	190.32521
78.7501	186.99602
78.7751	184.58263
78.8001	182.7594
78.8251	181.33412
78.8501	180.18732
78.8751	179.24153
78.9001	178.44459
78.9251	177.76034
78.9501	177.163
78.9751	176.63377
79.0001	176.15865
79.0251	175.72703
79.0501	175.33077
79.0751	174.96347
79.1001	174.62012
79.1251	174.29666
79.1501	173.98986
79.1751	173.69704
79.2001	173.41603
79.2251	173.14501
79.2501	172.88246
79.2751	172.62712
79.3001	172.3779
79.3251	172.13389
79.3501	171.8943
79.3751	171.65847
79.4001	171.4258
79.4251	171.19579
79.4501	170.96801
79.4751	170.74206
79.5001	170.51762
79.5251	170.29438
79.5501	170.07208
79.5751	169.8505
79.6001	169.62942
79.6251	169.40867
79.6501	169.20994
79.6751	168.98974
79.7001	168.76945
79.7251	168.54893
79.7501	168.32808
79.7751	168.10682
79.8001	167.88505
79.8251	167.6627
79.8501	167.4397
79.8751	167.21599
79.9001	166.99151
79.9251	166.76622
79.9501	166.54006
79.9751	166.31299
80.0001	166.08498
80.0251	165.856
80.0501	165.626
80.0751	165.39497
80.1001	165.16289
80.1251	164.92972
80.1501	164.69545
80.1751	164.46006
80.2001	164.22353
80.2251	163.98586
80.2501	163.74703
80.2751	163.50702
80.3001	163.26584
80.3251	163.02346
80.3501	162.77989
80.3751	162.53512
80.4001	162.28914
80.4251	162.04235
80.4501	161.81555
80.4751	161.56642
80.5001	161.3161
80.5251	161.06457
80.5501	160.81186
80.5751	160.55795
80.6001	160.30286
80.6251	160.04658
80.6501	159.78913
80.6751	159.53051
80.7001	159.27072
80.7251	159.00977
80.7501	158.74767
80.7751	158.48444
80.8001	158.22007
80.8251	157.87956
80.8501	157.61458
80.8751	157.34846
80.9001	157.08121
80.9251	156.81284
80.9501	156.54336
80.9751	156.27281
81.0001	156.00119
81.0251	155.72852
81.0501	155.45483
81.0751	155.18014
81.1001	154.88333
81.1251	154.55351
81.1501	154.27726
81.1751	154.00006
81.2001	153.72196
81.2251	153.44298
81.2501	153.16316
81.2751	152.88253
81.3001	152.60113
81.3251	152.31901
81.3501	152.0362
81.3751	151.75277
81.4001	151.46874
81.4251	151.1842
81.4501	150.89919
81.4751	150.61378
81.5001	150.32804
81.5251	150.04207
81.5501	149.75594
81.5751	149.46975
81.6001	149.18363
81.6251	148.89768
81.6501	148.61206
81.6751	148.3269
81.7001	148.04241
81.7251	147.75877
81.7501	147.47623
81.7751	147.19504
81.8001	146.91552
81.8251	146.63804
81.8501	146.36301
81.8751	146.09095
81.9001	145.82244
81.9251	145.5582
81.9501	145.2991
81.9751	145.04618
82.0001	144.80073
82.0251	144.56437
82.0501	144.33909
82.0751	144.12746
82.1001	143.93276
82.1251	143.75928
82.1501	143.61271
82.1751	143.50074
82.2001	143.43396
82.2251	143.42729
82.2501	143.50239
82.2751	143.69156
82.3001	144.04484
82.3251	144.64307
82.3501	145.62382
82.3751	147.2363
82.4001	149.96949
82.4251	154.91973
82.4501	165.70452
82.4751	199.20174
82.5001	299.60575
82.5251	433.85993
82.5501	350.31003
82.5751	222.59609
82.6001	172.96774
82.6251	158.49381
82.6501	153.49124
82.6751	152.66311
82.7001	156.88785
82.7251	172.92242
82.7501	211.29029
82.7751	258.87375
82.8001	246.00171
82.8251	194.03354
82.8501	161.10002
82.8751	147.32661
82.9001	141.71302
82.9251	138.7397
82.9501	136.79577
82.9751	135.38861
83.0001	134.30101
83.0251	133.41646
83.0501	132.66734
83.0751	132.0122
83.1001	131.42447
83.1251	130.88648
83.1501	130.38608
83.1751	129.91468
83.2001	129.46609
83.2251	129.03571
83.2501	128.6201
83.2751	128.21662
83.3001	127.82323
83.3251	127.43833
83.3501	127.06063
83.3751	126.68913
83.4001	126.323
83.4251	125.96156
83.4501	125.60427
83.4751	125.25065
83.5001	124.90035
83.5251	124.55303
83.5501	124.20844
83.5751	123.86635
83.6001	123.52657
83.6251	123.18896
83.6501	122.85337
83.6751	122.5197
83.7001	122.18784
83.7251	121.88533
83.7501	121.55735
83.7751	121.231
83.8001	120.90623
83.8251	120.583
83.8501	120.26129
83.8751	119.94107
83.9001	119.62232
83.9251	119.30503
83.9501	118.9892
83.9751	118.6748
84.0001	118.36185
84.0251	118.05035
84.0501	117.7403
84.0751	117.4317
84.1001	117.12456
84.1251	116.81891
84.1501	116.51474
84.1751	116.21208
84.2001	115.91094
84.2251	115.61134
84.2501	115.31329
84.2751	115.01682
84.3001	114.72195
84.3251	114.4287
84.3501	114.13709
84.3751	113.84715
84.4001	113.55891
84.4251	113.27238
84.4501	112.9876
84.4751	112.70459
84.5001	112.42339
84.5251	112.14401
84.5501	111.89398
84.5751	111.61892
84.6001	111.34581
84.6251	111.07466
84.6501	110.80552
84.6751	110.53841
84.7001	110.27338
84.7251	110.01044
84.7501	109.74965
84.7751	109.49103
84.8001	109.23462
84.8251	108.98046
84.8501	108.72859
84.8751	108.47904
84.9001	108.23185
84.9251	107.98707
84.9501	107.74472
84.9751	107.50487
85.0001	107.26753
85.0251	107.03277
85.0501	106.80061
85.0751	106.57112
85.1001	106.34432
85.1251	106.11938
85.1501	105.87764
85.1751	105.65967
85.2001	105.4446
85.2251	105.23245
85.2501	105.02329
85.2751	104.81717
85.3001	104.61415
85.3251	104.41429
85.3501	104.21764
85.3751	104.02428
85.4001	103.83426
85.4251	103.62604
85.4501	103.44329
85.4751	103.26409
85.5001	103.08852
85.5251	102.91665
85.5501	102.74859
85.5751	102.58443
85.6001	102.42425
85.6251	102.26817
85.6501	102.1163
85.6751	101.96876
85.7001	101.82569
85.7251	101.68723
85.7501	101.55353
85.7751	101.42476
85.8001	101.30113
85.8251	101.18283
85.8501	101.0701
85.8751	100.96321
85.9001	100.86245
85.9251	100.76815
85.9501	100.68072
85.9751	100.60057
86.0001	100.52823
86.0251	100.4643
86.0501	100.40946
86.0751	100.36456
86.1001	100.33058
86.1251	100.3087
86.1501	100.30038
86.1751	100.30738
86.2001	100.33189
86.2251	100.37668
86.2501	100.44521
86.2751	100.54199
86.3001	100.67287
86.3251	100.84561
86.3501	101.07073
86.3751	101.36271
86.4001	101.74202
86.4251	102.23832
86.4501	102.89603
86.4751	103.78405
86.5001	105.01395
86.5251	106.77603
86.5501	109.41597
86.5751	113.61485
86.6001	120.94355
86.6251	136.91763
86.6501	185.29154
86.6751	317.13994
86.7001	468.99036
86.7251	356.93863
86.7501	206.03493
86.7751	145.54288
86.8001	127.14614
86.8251	120.57451
86.8501	118.71895
86.8751	120.96088
86.9001	131.06445
86.9251	159.54736
86.9501	214.85667
86.9751	259.81777
87.0001	221.93566
87.0251	162.9872
87.0501	129.88192
87.0751	116.32383
87.1001	110.71325
87.1251	107.79828
87.1501	106.01725
87.1751	104.85307
87.2001	104.06606
87.2251	103.52453
87.2501	103.15072
87.2751	102.8963
87.3001	102.72996
87.3251	102.63068
87.3501	102.58392
87.3751	102.57932
87.4001	102.60939
87.4251	102.66854
87.4501	102.7526
87.4751	102.85832
87.5001	102.98324
87.5251	103.12537
87.5501	103.28318
87.5751	103.45541
87.6001	103.64107
87.6251	103.83934
87.6501	104.04955
87.6751	104.27115
87.7001	104.50371
87.7251	104.74683
87.7501	105.00023
87.7751	105.26364
87.8001	105.53685
87.8251	105.81969
87.8501	106.11201
87.8751	106.4137
87.9001	106.72466
87.9251	107.04482
87.9501	107.37412
87.9751	107.71251
88.0001	108.05996
88.0251	0
88.0501	0
88.0751	0
88.1001	0
88.1251	0
88.1501	0
88.1751	0
88.2001	0
88.2251	0
88.2501	0
88.2751	0
88.3001	0
88.3251	0
88.3501	0
88.3751	0
88.4001	0
88.4251	0
88.4501	0
88.4751	0
88.5001	0
88.5251	0
88.5501	0
88.5751	0
88.6001	0
88.6251	0
88.6501	0
88.6751	0
88.7001	0
88.7251	0
88.7501	0
88.7751	0
88.8001	0
88.8251	0
88.8501	0
88.8751	0
88.9001	0
88.9251	0
88.9501	0
88.9751	0
89.0001	0
89.0251	0
89.0501	0
89.0751	0
89.1001	0
89.1251	0
89.1501	0
89.1751	0
89.2001	0
89.2251	0
89.2501	0
89.2751	0
89.3001	0
89.3251	0
89.3501	0
89.3751	0
89.4001	0
89.4251	0
89.4501	0
89.4751	0
89.5001	0
89.5251	0
89.5501	0
89.5751	0
89.6001	0
89.6251	0
89.6501	0
89.6751	0
89.7001	0
89.7251	0
89.7501	0
89.7751	0
89.8001	0
89.8251	0
89.8501	0
89.8751	0
89.9001	0
89.9251	0
89.9501	0
89.9751	0
90.0001	0