   0   0   4     3.43750    25.89836
   0   0   8     1.71875    53.25312
   0   0  12     1.14583    84.48351
   1   0   1     3.78740    23.46990
   1   0   3     2.98770    29.88186
   1   0   5     2.25500    39.94824
   1   0   7     1.75791    51.97682
   1   0   9     1.42443    65.47308
   1   0  11     1.19147    80.55816
   1   1   2     2.58194    34.71599
   1   1   6     1.76981    51.60162
   1   1  10     1.23300    77.32582
   2   0   0     1.96990    46.03768
   2   0   2     1.89370    48.00408
   2   0   4     1.70915    53.57604
   2   0   6     1.49385    62.08130
   2   0   8     1.29509    72.99434
   2   0  10     1.12750    86.18706
   2   1   1     1.74764    52.30525
   2   1   3     1.64460    55.85842
   2   1   5     1.48355    62.56061
   2   1   7     1.31160    71.93081
   2   1   9     1.15428    83.72470
   2   2   0     1.39293    67.14687
   2   2   4     1.29097    73.26530
   3   0   1     1.30732    72.20334
   3   0   3     1.26247    75.20124
   3   0   5     1.18507    81.08349
   3   1   2     1.22591    77.85682
   3   1   4     1.17132    82.23946
