16.5001	0
16.5251	0
16.5501	0
16.5751	0
16.6001	0
16.6251	0
16.6501	0
16.6751	0
16.7001	0
16.7251	0
16.7501	0
16.7751	0
16.8001	0
16.8251	0
16.8501	0
16.8751	0
16.9001	0
16.9251	0
16.9501	0
16.9751	0
17.0001	0
17.0251	0
17.0501	0
17.0751	0
17.1001	0
17.1251	0
17.1501	0
17.1751	0
17.2001	0
17.2251	0
17.2501	0
17.2751	0
17.3001	0
17.3251	0
17.3501	0
17.3751	0
17.4001	0
17.4251	0
17.4501	0
17.4751	0
17.5001	0
17.5251	0
17.5501	0
17.5751	0
17.6001	0
17.6251	0
17.6501	0
17.6751	0
17.7001	0
17.7251	0
17.7501	0
17.7751	0
17.8001	0
17.8251	0
17.8501	0
17.8751	0
17.9001	0
17.9251	0
17.9501	0
17.9751	0
18.0001	0
18.0251	0
18.0501	0
18.0751	0
18.1001	0
18.1251	0
18.1501	0
18.1751	0
18.2001	0
18.2251	0
18.2501	0
18.2751	0
18.3001	0
18.3251	0
18.3501	0
18.3751	0
18.4001	0
18.4251	0
18.4501	0
18.4751	0
18.5001	0
18.5251	0
18.5501	0
18.5751	0
18.6001	0
18.6251	0
18.6501	0
18.6751	0
18.7001	0
18.7251	0
18.7501	0
18.7751	0
18.8001	0
18.8251	0
18.8501	0
18.8751	0
18.9001	0
18.9251	0
18.9501	0
18.9751	0
19.0001	0
19.0251	0
19.0501	0
19.0751	0
19.1001	0
19.1251	0
19.1501	0
19.1751	0
19.2001	0
19.2251	0
19.2501	0
19.2751	0
19.3001	0
19.3251	0
19.3501	0
19.3751	0
19.4001	0
19.4251	0
19.4501	0
19.4751	0
19.5001	0
19.5251	0
19.5501	0
19.5751	0
19.6001	0
19.6251	0
19.6501	0
19.6751	0
19.7001	0
19.7251	0
19.7501	0
19.7751	0
19.8001	0
19.8251	0
19.8501	0
19.8751	0
19.9001	0
19.9251	0
19.9501	0
19.9751	0
20.0001	232.85393
20.0251	231.59688
20.0501	230.36115
20.0751	229.14669
20.1001	227.95347
20.1251	226.78147
20.1501	225.63068
20.1751	224.5011
20.2001	223.39275
20.2251	222.30567
20.2501	221.23991
20.2751	220.19554
20.3001	219.17265
20.3251	218.17136
20.3501	217.1918
20.3751	216.23413
20.4001	215.29855
20.4251	214.38529
20.4501	213.49459
20.4751	212.62676
20.5001	211.78213
20.5251	210.96109
20.5501	210.16406
20.5751	209.39154
20.6001	208.64408
20.6251	207.9223
20.6501	207.22691
20.6751	206.55867
20.7001	205.91848
20.7251	205.30731
20.7501	204.72629
20.7751	204.17666
20.8001	203.65982
20.8251	203.17735
20.8501	202.73103
20.8751	202.32286
20.9001	201.95512
20.9251	201.63036
20.9501	201.3515
20.9751	201.12184
21.0001	200.94516
21.0251	200.82576
21.0501	200.76858
21.0751	200.77928
21.1001	200.86441
21.1251	201.03153
21.1501	201.28943
21.1751	201.64835
21.2001	202.12033
21.2251	202.71949
21.2501	203.46259
21.2751	204.36954
21.3001	205.46419
21.3251	206.7753
21.3501	208.33775
21.3751	210.19421
21.4001	212.39727
21.4251	215.0124
21.4501	218.12186
21.4751	221.83016
21.5001	226.27167
21.5251	231.62143
21.5501	238.11094
21.5751	246.05144
21.6001	255.86974
21.6251	268.16632
21.6501	283.81812
21.6751	304.18347
21.7001	331.54572
21.7251	370.06775
21.7501	427.63605
21.7751	518.79824
21.8001	668.0257
21.8251	909.71061
21.8501	1278.2438
21.8751	1785.14756
21.9001	2380.75282
21.9251	2904.15425
21.9501	3097.34969
21.9751	2857.3908
22.0001	2363.54269
22.0251	1787.93778
22.0501	1270.03202
22.0751	893.03452
22.1001	651.46775
22.1251	505.54635
22.1501	417.50205
22.1751	361.72296
22.2001	323.77225
22.2251	296.26308
22.2501	275.41627
22.2751	259.14149
22.3001	246.16084
22.3251	235.62956
22.3501	226.9609
22.3751	219.7344
22.4001	213.64192
22.4251	208.45345
22.4501	203.99459
22.4751	200.13116
22.5001	196.7586
22.5251	193.79446
22.5501	191.17304
22.5751	188.84143
22.6001	186.75669
22.6251	184.88361
22.6501	183.19317
22.6751	181.66122
22.7001	180.26755
22.7251	178.99514
22.7501	177.82959
22.7751	176.75862
22.8001	175.77173
22.8251	174.85986
22.8501	174.0152
22.8751	173.23098
22.9001	172.50129
22.9251	171.82094
22.9501	171.1854
22.9751	170.59066
23.0001	170.03319
23.0251	169.50984
23.0501	169.01781
23.0751	168.55461
23.1001	168.118
23.1251	167.70598
23.1501	167.31674
23.1751	166.94865
23.2001	166.60024
23.2251	166.27016
23.2501	165.9572
23.2751	165.66025
23.3001	165.37831
23.3251	165.11044
23.3501	164.8558
23.3751	164.6136
23.4001	164.38314
23.4251	164.16373
23.4501	163.95478
23.4751	163.75572
23.5001	163.56602
23.5251	163.38519
23.5501	163.21278
23.5751	163.04836
23.6001	162.89154
23.6251	162.74195
23.6501	162.59924
23.6751	162.46308
23.7001	162.33318
23.7251	162.20923
23.7501	162.09098
23.7751	161.97817
23.8001	161.87055
23.8251	161.76789
23.8501	161.66999
23.8751	161.57663
23.9001	161.48763
23.9251	161.40278
23.9501	161.32193
23.9751	161.2449
24.0001	161.17153
24.0251	161.10166
24.0501	161.03516
24.0751	160.97188
24.1001	160.91168
24.1251	160.85445
24.1501	160.80005
24.1751	160.74836
24.2001	160.69928
24.2251	160.6527
24.2501	160.6085
24.2751	160.56659
24.3001	160.52686
24.3251	160.48923
24.3501	160.4536
24.3751	160.41989
24.4001	160.388
24.4251	160.35787
24.4501	160.32939
24.4751	160.3025
24.5001	160.27713
24.5251	160.2532
24.5501	160.23063
24.5751	160.20937
24.6001	160.18933
24.6251	160.17047
24.6501	160.15271
24.6751	160.136
24.7001	160.12026
24.7251	160.10546
24.7501	160.09152
24.7751	160.0784
24.8001	160.06603
24.8251	160.05437
24.8501	160.04337
24.8751	160.03297
24.9001	160.02313
24.9251	160.0138
24.9501	160.00493
24.9751	159.99648
25.0001	159.9884
25.0251	159.98065
25.0501	159.97318
25.0751	159.96597
25.1001	159.95895
25.1251	159.9521
25.1501	159.94538
25.1751	159.93874
25.2001	159.93216
25.2251	159.92559
25.2501	159.919
25.2751	159.91235
25.3001	159.90562
25.3251	159.89876
25.3501	159.89174
25.3751	159.88551
25.4001	159.88695
25.4251	159.90476
25.4501	159.99232
25.4751	160.02288
25.5001	160.01577
25.5251	160.00831
25.5501	160.00048
25.5751	159.99225
25.6001	159.98359
25.6251	159.97448
25.6501	159.96489
25.6751	159.9548
25.7001	159.94419
25.7251	159.93302
25.7501	159.92129
25.7751	159.90896
25.8001	159.89602
25.8251	159.88243
25.8501	159.8682
25.8751	159.85328
25.9001	159.83766
25.9251	159.82132
25.9501	159.80425
25.9751	159.78642
26.0001	159.76781
26.0251	159.74841
26.0501	159.72821
26.0751	159.70717
26.1001	159.68529
26.1251	159.66181
26.1501	159.63352
26.1751	159.59842
26.2001	159.55271
26.2251	159.48486
26.2501	159.34086
26.2751	159.31491
26.3001	159.28795
26.3251	159.25998
26.3501	159.23099
26.3751	159.20095
26.4001	159.16987
26.4251	159.13773
26.4501	159.10452
26.4751	159.07023
26.5001	159.03484
26.5251	158.99836
26.5501	158.96076
26.5751	158.92205
26.6001	158.88221
26.6251	158.84123
26.6501	158.79911
26.6751	158.75584
26.7001	158.71141
26.7251	158.66581
26.7501	158.61903
26.7751	158.57108
26.8001	158.52194
26.8251	158.47163
26.8501	158.424
26.8751	158.38644
26.9001	158.37512
26.9251	158.42363
26.9501	158.36915
26.9751	158.31348
27.0001	158.25662
27.0251	158.19855
27.0501	158.13929
27.0751	158.07883
27.1001	158.01716
27.1251	157.95429
27.1501	157.89021
27.1751	157.82492
27.2001	157.75841
27.2251	157.6907
27.2501	157.62178
27.2751	157.55164
27.3001	157.4803
27.3251	157.40774
27.3501	157.33398
27.3751	157.259
27.4001	157.18131
27.4251	157.09781
27.4501	157.00631
27.4751	156.90192
27.5001	156.76636
27.5251	156.58385
27.5501	156.50225
27.5751	156.41944
27.6001	156.33543
27.6251	156.25021
27.6501	156.1638
27.6751	156.07619
27.7001	155.9874
27.7251	155.89744
27.7501	155.8063
27.7751	155.71399
27.8001	155.62053
27.8251	155.52592
27.8501	155.43016
27.8751	155.33328
27.9001	155.23527
27.9251	155.13614
27.9501	155.03591
27.9751	154.93458
28.0001	154.83217
28.0251	154.72869
28.0501	154.62415
28.0751	154.51855
28.1001	154.41192
28.1251	154.30427
28.1501	154.19561
28.1751	154.08596
28.2001	153.97532
28.2251	153.86372
28.2501	153.75117
28.2751	153.63769
28.3001	153.5233
28.3251	153.40801
28.3501	153.29185
28.3751	153.17483
28.4001	153.05697
28.4251	152.9383
28.4501	152.81884
28.4751	152.69861
28.5001	152.57763
28.5251	152.45594
28.5501	152.33355
28.5751	152.21049
28.6001	152.0868
28.6251	151.96249
28.6501	151.83762
28.6751	151.71219
28.7001	151.58626
28.7251	151.45985
28.7501	151.333
28.7751	151.20575
28.8001	151.07814
28.8251	150.95021
28.8501	150.82201
28.8751	150.69358
28.9001	150.56497
28.9251	150.43623
28.9501	150.30742
28.9751	150.17859
29.0001	150.04979
29.0251	149.9211
29.0501	149.79257
29.0751	149.66428
29.1001	149.53629
29.1251	149.40868
29.1501	149.28154
29.1751	149.15495
29.2001	149.02899
29.2251	148.90376
29.2501	148.77936
29.2751	148.6559
29.3001	148.53348
29.3251	148.41224
29.3501	148.29229
29.3751	148.17377
29.4001	148.05683
29.4251	147.94161
29.4501	147.82828
29.4751	147.71702
29.5001	147.60801
29.5251	147.50144
29.5501	147.39754
29.5751	147.29652
29.6001	147.19864
29.6251	147.10417
29.6501	147.01337
29.6751	146.92656
29.7001	146.84408
29.7251	146.76626
29.7501	146.69351
29.7751	146.62623
29.8001	146.56489
29.8251	146.50997
29.8501	146.46201
29.8751	146.42159
29.9001	146.38936
29.9251	146.366
29.9501	146.35228
29.9751	146.34904
30.0001	146.3572
30.0251	146.37778
30.0501	146.41189
30.0751	146.46077
30.1001	146.52581
30.1251	146.60852
30.1501	146.7106
30.1751	146.83396
30.2001	146.98071
30.2251	147.15324
30.2501	147.35423
30.2751	147.58671
30.3001	147.85411
30.3251	148.16031
30.3501	148.50976
30.3751	148.90751
30.4001	149.35941
30.4251	149.87216
30.4501	150.45352
30.4751	151.11252
30.5001	151.85971
30.5251	152.70746
30.5501	153.67037
30.5751	154.76579
30.6001	156.0144
30.6251	157.44107
30.6501	159.07592
30.6751	160.95567
30.7001	163.12544
30.7251	165.64126
30.7501	168.57328
30.7751	172.0103
30.8001	176.06607
30.8251	180.88811
30.8501	186.6705
30.8751	193.67259
30.9001	202.24727
30.9251	212.88551
30.9501	226.29223
30.9751	243.53193
31.0001	266.34654
31.0251	297.89153
31.0501	344.35588
31.0751	417.97135
31.1001	540.97581
31.1251	746.98316
31.1501	1070.95971
31.1751	1517.52092
31.2001	2013.49738
31.2251	2380.91379
31.2501	2436.21097
31.2751	2230.10646
31.3001	1935.84439
31.3251	1594.35143
31.3501	1221.09393
31.3751	889.82597
31.4001	645.00039
31.4251	482.9192
31.4501	381.62502
31.4751	318.73545
31.5001	278.04182
31.5251	249.93277
31.5501	229.30342
31.5751	213.48617
31.6001	200.99657
31.6251	190.9263
31.6501	182.67252
31.6751	175.8131
31.7001	170.04248
31.7251	165.13444
31.7501	160.91852
31.7751	157.26432
31.8001	154.07073
31.8251	151.2584
31.8501	148.76434
31.8751	146.53803
31.9001	144.53862
31.9251	142.73274
31.9501	141.09294
31.9751	139.59648
32.0001	138.22438
32.0251	136.96068
32.0501	135.79195
32.0751	134.70673
32.1001	133.69527
32.1251	132.7492
32.1501	131.8613
32.1751	131.02532
32.2001	130.23585
32.2251	129.48814
32.2501	128.77805
32.2751	128.10195
32.3001	127.45663
32.3251	126.83925
32.3501	126.2473
32.3751	125.67855
32.4001	125.131
32.4251	124.60288
32.4501	124.09467
32.4751	123.61779
32.5001	123.21746
32.5251	122.80214
32.5501	122.35145
32.5751	121.91273
32.6001	121.48512
32.6251	121.06783
32.6501	120.66016
32.6751	120.26145
32.7001	119.87111
32.7251	119.48861
32.7501	119.11343
32.7751	118.74514
32.8001	118.38332
32.8251	118.02757
32.8501	117.67755
32.8751	117.33294
32.9001	116.99342
32.9251	116.65873
32.9501	116.3286
32.9751	116.00281
33.0001	115.68113
33.0251	115.36336
33.0501	115.0493
33.0751	114.7388
33.1001	114.43167
33.1251	114.12777
33.1501	113.82696
33.1751	113.52911
33.2001	113.23409
33.2251	112.94179
33.2501	112.65211
33.2751	112.36494
33.3001	112.08019
33.3251	111.79777
33.3501	111.51761
33.3751	111.23963
33.4001	110.96375
33.4251	110.68992
33.4501	110.41806
33.4751	110.14812
33.5001	109.88004
33.5251	109.61378
33.5501	109.34928
33.5751	109.08651
33.6001	108.82541
33.6251	108.56594
33.6501	108.30808
33.6751	108.05179
33.7001	107.79703
33.7251	107.54377
33.7501	107.29198
33.7751	107.04165
33.8001	106.79273
33.8251	106.54521
33.8501	106.29907
33.8751	106.05429
33.9001	105.81084
33.9251	105.56871
33.9501	105.32788
33.9751	105.08902
34.0001	104.86232
34.0251	104.67257
34.0501	104.52098
34.0751	104.28803
34.1001	104.05633
34.1251	103.82587
34.1501	103.59663
34.1751	103.36862
34.2001	103.14182
34.2251	102.91623
34.2501	102.69183
34.2751	102.46864
34.3001	102.24663
34.3251	102.02581
34.3501	101.80617
34.3751	101.58771
34.4001	101.37043
34.4251	101.15433
34.4501	100.93939
34.4751	100.72563
34.5001	100.51303
34.5251	100.30161
34.5501	100.09135
34.5751	99.88227
34.6001	99.67435
34.6251	99.46761
34.6501	99.26204
34.6751	99.05764
34.7001	98.85442
34.7251	98.65237
34.7501	98.45151
34.7751	98.25183
34.8001	98.05334
34.8251	97.85604
34.8501	97.65993
34.8751	97.46502
34.9001	97.27132
34.9251	97.07882
34.9501	96.88753
34.9751	96.69747
35.0001	96.50862
35.0251	96.32101
35.0501	96.13463
35.0751	95.94949
35.1001	95.76561
35.1251	95.58297
35.1501	95.40161
35.1751	95.22151
35.2001	95.04269
35.2251	94.86516
35.2501	94.68893
35.2751	94.514
35.3001	94.34038
35.3251	94.1681
35.3501	93.99714
35.3751	93.82753
35.4001	93.65928
35.4251	93.49239
35.4501	93.32689
35.4751	93.16277
35.5001	93.00006
35.5251	92.83877
35.5501	92.67891
35.5751	92.52049
35.6001	92.36354
35.6251	92.20806
35.6501	92.05381
35.6751	91.89525
35.7001	91.72507
35.7251	91.5155
35.7501	91.29233
35.7751	91.14787
35.8001	91.00498
35.8251	90.86368
35.8501	90.724
35.8751	90.58596
35.9001	90.44959
35.9251	90.31491
35.9501	90.18194
35.9751	90.05073
36.0001	89.92129
36.0251	89.79366
36.0501	89.66787
36.0751	89.54395
36.1001	89.42194
36.1251	89.30188
36.1501	89.1838
36.1751	89.06774
36.2001	88.95375
36.2251	88.84188
36.2501	88.73216
36.2751	88.62466
36.3001	88.51942
36.3251	88.41649
36.3501	88.31595
36.3751	88.21784
36.4001	88.12223
36.4251	88.02919
36.4501	87.9388
36.4751	87.85114
36.5001	87.76627
36.5251	87.6843
36.5501	87.60531
36.5751	87.5294
36.6001	87.45668
36.6251	87.38726
36.6501	87.32125
36.6751	87.25878
36.7001	87.19999
36.7251	87.14502
36.7501	87.09403
36.7751	87.04717
36.8001	87.00463
36.8251	86.9666
36.8501	86.93328
36.8751	86.90489
36.9001	86.88166
36.9251	86.86386
36.9501	86.85147
36.9751	86.83911
37.0001	86.81957
37.0251	86.76462
37.0501	86.70103
37.0751	86.72378
37.1001	86.7544
37.1251	86.79338
37.1501	86.84125
37.1751	86.89858
37.2001	86.96602
37.2251	87.04425
37.2501	87.13403
37.2751	87.23621
37.3001	87.35171
37.3251	87.48155
37.3501	87.62685
37.3751	87.78887
37.4001	87.969
37.4251	88.16879
37.4501	88.38997
37.4751	88.63448
37.5001	88.90449
37.5251	89.20244
37.5501	89.5311
37.5751	89.89359
37.6001	90.29347
37.6251	90.73476
37.6501	91.2221
37.6751	91.76079
37.7001	92.35694
37.7251	93.01762
37.7501	93.75104
37.7751	94.5668
37.8001	95.47614
37.8251	96.49233
37.8501	97.63111
37.8751	98.91124
37.9001	100.35527
37.9251	101.99046
37.9501	103.85004
37.9751	105.97479
38.0001	108.41528
38.0251	111.23473
38.0501	114.5131
38.0751	118.35258
38.1001	122.88549
38.1251	128.28551
38.1501	134.78417
38.1751	142.69571
38.2001	152.45649
38.2251	164.69367
38.2501	180.36171
38.2751	201.04908
38.3001	229.69201
38.3251	272.11009
38.3501	339.70152
38.3751	452.52348
38.4001	639.15879
38.4251	926.46966
38.4501	1311.92615
38.4751	1720.06525
38.5001	1985.3062
38.5251	1978.06465
38.5501	1794.38421
38.5751	1597.28428
38.6001	1406.9294
38.6251	1170.38796
38.6501	901.47283
38.6751	661.86214
38.7001	482.26308
38.7251	361.0479
38.7501	283.83655
38.7751	235.10023
38.8001	203.18468
38.8251	180.97113
38.8501	164.5809
38.8751	151.95509
38.9001	141.94405
38.9251	133.84597
38.9501	127.19509
38.9751	121.66394
39.0001	117.01382
39.0251	113.06667
39.0501	109.68729
39.0751	106.77155
39.1001	104.23816
39.1251	102.02295
39.1501	100.07471
39.1751	98.35216
39.2001	96.82175
39.2251	95.45595
39.2501	94.23204
39.2751	93.13109
39.3001	92.13727
39.3251	91.23723
39.3501	90.41965
39.3751	89.6749
39.4001	88.99472
39.4251	88.372
39.4501	87.80062
39.4751	87.27525
39.5001	86.79124
39.5251	86.34455
39.5501	85.9316
39.5751	85.54927
39.6001	85.19479
39.6251	84.86569
39.6501	84.55981
39.6751	84.2752
39.7001	84.01012
39.7251	83.76302
39.7501	83.5325
39.7751	83.31731
39.8001	83.11631
39.8251	82.92848
39.8501	82.75289
39.8751	82.5887
39.9001	82.43515
39.9251	82.29153
39.9501	82.15722
39.9751	82.03162
40.0001	81.91422
40.0251	81.80451
40.0501	81.70206
40.0751	81.60644
40.1001	81.51879
40.1251	81.45041
40.1501	81.42495
40.1751	81.3539
40.2001	81.28807
40.2251	81.2272
40.2501	81.17106
40.2751	81.11942
40.3001	81.07208
40.3251	81.02884
40.3501	80.98953
40.3751	80.95398
40.4001	80.92203
40.4251	80.89354
40.4501	80.86836
40.4751	80.84638
40.5001	80.82747
40.5251	80.81152
40.5501	80.79842
40.5751	80.78807
40.6001	80.78038
40.6251	80.77526
40.6501	80.77262
40.6751	80.77239
40.7001	80.77449
40.7251	80.77886
40.7501	80.78542
40.7751	80.79411
40.8001	80.80488
40.8251	80.81766
40.8501	80.8324
40.8751	80.84906
40.9001	80.86758
40.9251	80.88792
40.9501	80.91003
40.9751	80.93387
41.0001	80.9594
41.0251	80.98659
41.0501	81.0154
41.0751	81.04579
41.1001	81.07774
41.1251	81.1112
41.1501	81.14616
41.1751	81.18258
41.2001	81.22043
41.2251	81.2597
41.2501	81.30035
41.2751	81.34237
41.3001	81.38572
41.3251	81.43039
41.3501	81.47636
41.3751	81.5236
41.4001	81.57211
41.4251	81.62186
41.4501	81.67283
41.4751	81.725
41.5001	81.77838
41.5251	81.83292
41.5501	81.88864
41.5751	81.9455
41.6001	82.0035
41.6251	82.06262
41.6501	82.12286
41.6751	82.1842
41.7001	82.24664
41.7251	82.31016
41.7501	82.37475
41.7751	82.44041
41.8001	82.50713
41.8251	82.57489
41.8501	82.64371
41.8751	82.71356
41.9001	82.78444
41.9251	82.85635
41.9501	82.92929
41.9751	83.00325
42.0001	83.07822
42.0251	83.1542
42.0501	83.2312
42.0751	83.30921
42.1001	83.38824
42.1251	83.46827
42.1501	83.54931
42.1751	83.63137
42.2001	83.71444
42.2251	83.79853
42.2501	83.88364
42.2751	83.96977
42.3001	84.05694
42.3251	84.14515
42.3501	84.2344
42.3751	84.32471
42.4001	84.41608
42.4251	84.50852
42.4501	84.60205
42.4751	84.69668
42.5001	84.79242
42.5251	84.88928
42.5501	84.98729
42.5751	85.08646
42.6001	85.18681
42.6251	85.28836
42.6501	85.39115
42.6751	85.49518
42.7001	85.60049
42.7251	85.70711
42.7501	85.81508
42.7751	85.92442
42.8001	86.03517
42.8251	86.14737
42.8501	86.26108
42.8751	86.37632
42.9001	86.49316
42.9251	86.61164
42.9501	86.73183
42.9751	86.8538
43.0001	86.97759
43.0251	87.1033
43.0501	87.231
43.0751	87.36078
43.1001	87.49272
43.1251	87.62685
43.1501	87.75597
43.1751	87.86304
43.2001	87.90345
43.2251	88.04944
43.2501	88.19831
43.2751	88.35022
43.3001	88.50537
43.3251	88.66393
43.3501	88.82612
43.3751	88.99218
43.4001	89.16234
43.4251	89.3369
43.4501	89.51614
43.4751	89.70039
43.5001	89.89004
43.5251	90.08546
43.5501	90.28711
43.5751	90.49547
43.6001	90.71108
43.6251	90.93454
43.6501	91.16652
43.6751	91.40775
43.7001	91.65907
43.7251	91.9214
43.7501	92.19578
43.7751	92.48337
43.8001	92.78549
43.8251	93.10363
43.8501	93.43949
43.8751	93.79498
43.9001	94.17236
43.9251	94.58424
43.9501	95.08734
43.9751	95.54748
44.0001	96.04209
44.0251	96.57569
44.0501	97.15356
44.0751	97.78193
44.1001	98.46817
44.1251	99.22103
44.1501	100.05101
44.1751	100.97077
44.2001	101.99566
44.2251	103.1445
44.2501	104.44049
44.2751	105.91254
44.3001	107.59704
44.3251	109.54024
44.3501	111.80172
44.3751	114.45917
44.4001	117.61541
44.4251	121.40895
44.4501	126.03059
44.4751	131.74813
44.5001	138.95835
44.5251	148.26807
44.5501	161.13695
44.5751	179.8917
44.6001	209.2626
44.6251	257.51972
44.6501	336.55516
44.6751	458.33056
44.7001	625.15073
44.7251	812.44088
44.7501	953.73519
44.7751	976.78728
44.8001	898.6936
44.8251	804.37688
44.8501	736.31965
44.8751	675.2553
44.9001	587.49519
44.9251	477.09264
44.9501	372.35608
44.9751	290.01496
45.0001	232.28175
45.0251	194.50396
45.0501	170.38892
45.0751	154.67582
45.1001	143.89362
45.1251	136.05115
45.1501	130.07141
45.1751	125.3615
45.2001	121.57048
45.2251	118.47178
45.2501	115.90852
45.2751	113.76702
45.3001	111.9625
45.3251	110.43056
45.3501	109.12145
45.3751	107.99631
45.4001	107.02439
45.4251	106.18112
45.4501	105.44666
45.4751	104.80486
45.5001	104.24244
45.5251	103.74844
45.5501	103.31372
45.5751	102.93122
45.6001	102.611
45.6251	102.37723
45.6501	102.11474
45.6751	101.88322
45.7001	101.67922
45.7251	101.49975
45.7501	101.34221
45.7751	101.20434
45.8001	101.08415
45.8251	100.9799
45.8501	100.89006
45.8751	100.81327
45.9001	100.74832
45.9251	100.69416
45.9501	100.64982
45.9751	100.61444
46.0001	100.58728
46.0251	100.56763
46.0501	100.55487
46.0751	100.54846
46.1001	100.54788
46.1251	100.55268
46.1501	100.56244
46.1751	100.57678
46.2001	100.59536
46.2251	100.61786
46.2501	100.644
46.2751	100.67351
46.3001	100.70614
46.3251	100.74168
46.3501	100.77993
46.3751	100.82069
46.4001	100.86378
46.4251	100.90906
46.4501	100.95636
46.4751	101.00556
46.5001	101.05653
46.5251	101.10914
46.5501	101.16329
46.5751	101.21887
46.6001	101.27579
46.6251	101.33396
46.6501	101.3933
46.6751	101.45373
46.7001	101.51518
46.7251	101.57758
46.7501	101.64087
46.7751	101.70499
46.8001	101.76988
46.8251	101.8355
46.8501	101.90179
46.8751	101.9687
46.9001	102.03621
46.9251	102.10426
46.9501	102.17282
46.9751	102.24185
47.0001	102.31132
47.0251	102.3812
47.0501	102.45146
47.0751	102.52208
47.1001	102.59302
47.1251	102.66427
47.1501	102.7358
47.1751	102.80759
47.2001	102.87962
47.2251	102.95188
47.2501	103.02434
47.2751	103.097
47.3001	103.16983
47.3251	103.24283
47.3501	103.31598
47.3751	103.38927
47.4001	103.46269
47.4251	103.53624
47.4501	103.6099
47.4751	103.68366
47.5001	103.75753
47.5251	103.8315
47.5501	103.90556
47.5751	103.97971
47.6001	104.05394
47.6251	104.12826
47.6501	104.20267
47.6751	104.27716
47.7001	104.35174
47.7251	104.42642
47.7501	104.50118
47.7751	104.57604
47.8001	104.65101
47.8251	104.72609
47.8501	104.80128
47.8751	104.8766
47.9001	104.95206
47.9251	105.02766
47.9501	105.10343
47.9751	105.17936
48.0001	105.25548
48.0251	105.33181
48.0501	105.40836
48.0751	105.48514
48.1001	105.56219
48.1251	105.63952
48.1501	105.71716
48.1751	105.79513
48.2001	105.87346
48.2251	105.95219
48.2501	106.03134
48.2751	106.11094
48.3001	106.19104
48.3251	106.27167
48.3501	106.35289
48.3751	106.43472
48.4001	106.51723
48.4251	106.60046
48.4501	106.68447
48.4751	106.76933
48.5001	106.85509
48.5251	106.94182
48.5501	107.0296
48.5751	107.11851
48.6001	107.20863
48.6251	107.30006
48.6501	107.3929
48.6751	107.48724
48.7001	107.5832
48.7251	107.68091
48.7501	107.7805
48.7751	107.88211
48.8001	107.9859
48.8251	108.09203
48.8501	108.20068
48.8751	108.31213
48.9001	108.4407
48.9251	108.60553
48.9501	108.72685
48.9751	108.85185
49.0001	108.98083
49.0251	109.11412
49.0501	109.25205
49.0751	109.39501
49.1001	109.54344
49.1251	109.69778
49.1501	109.85855
49.1751	110.0263
49.2001	110.20166
49.2251	110.3853
49.2501	110.57799
49.2751	110.78055
49.3001	110.99392
49.3251	111.21915
49.3501	111.45738
49.3751	111.70992
49.4001	111.97823
49.4251	112.26395
49.4501	112.56895
49.4751	112.89532
49.5001	113.24544
49.5251	113.62206
49.5501	114.02828
49.5751	114.46768
49.6001	114.94114
49.6251	115.43679
49.6501	115.96294
49.6751	116.58424
49.7001	117.2673
49.7251	118.02113
49.7501	118.85642
49.7751	119.78596
49.8001	120.8251
49.8251	121.99245
49.8501	123.31073
49.8751	124.80787
49.9001	126.51857
49.9251	128.48631
49.9501	130.76617
49.9751	133.42876
50.0001	136.5657
50.0251	140.29762
50.0501	144.78616
50.0751	150.25298
50.1001	157.01396
50.1251	165.54851
50.1501	176.65425
50.1751	191.79172
50.2001	213.78148
50.2251	247.95279
50.2501	303.39153
50.2751	392.93637
50.3001	529.61374
50.3251	717.34734
50.3501	934.44563
50.3751	1114.67111
50.4001	1169.51066
50.4251	1089.84345
50.4501	966.22245
50.4751	874.31855
50.5001	822.90171
50.5251	771.69779
50.5501	681.57634
50.5751	561.04429
50.6001	443.06742
50.6251	347.59638
50.6501	278.7776
50.6751	232.6576
50.7001	202.67196
50.7251	182.99377
50.7501	169.50275
50.7751	159.71798
50.8001	152.25855
50.8251	146.36189
50.8501	141.58457
50.8751	137.64686
50.9001	134.35826
50.9251	131.58174
50.9501	129.21474
50.9751	127.17091
51.0001	125.35063
51.0251	123.81458
51.0501	122.46643
51.0751	121.27626
51.1001	120.2199
51.1251	119.27762
51.1501	118.43319
51.1751	117.67316
51.2001	116.98631
51.2251	116.36323
51.2501	115.79594
51.2751	115.2777
51.3001	114.80271
51.3251	114.36603
51.3501	113.96339
51.3751	113.59107
51.4001	113.24587
51.4251	112.92498
51.4501	112.62593
51.4751	112.34658
51.5001	112.085
51.5251	111.83952
51.5501	111.60864
51.5751	111.39102
51.6001	111.18549
51.6251	110.99097
51.6501	110.80652
51.6751	110.63129
51.7001	110.4645
51.7251	110.30545
51.7501	110.15353
51.7751	110.00816
51.8001	109.86882
51.8251	109.73504
51.8501	109.6064
51.8751	109.48251
51.9001	109.36301
51.9251	109.24757
51.9501	109.1359
51.9751	109.02772
52.0001	108.92278
52.0251	108.82085
52.0501	108.72171
52.0751	108.62518
52.1001	108.53105
52.1251	108.43918
52.1501	108.34941
52.1751	108.26158
52.2001	108.17558
52.2251	108.09127
52.2501	108.00855
52.2751	107.9273
52.3001	107.84743
52.3251	107.76885
52.3501	107.69147
52.3751	107.61522
52.4001	107.54001
52.4251	107.4658
52.4501	107.3925
52.4751	107.32006
52.5001	107.24844
52.5251	107.17757
52.5501	107.10741
52.5751	107.03791
52.6001	106.96905
52.6251	106.90077
52.6501	106.83305
52.6751	106.76585
52.7001	106.69914
52.7251	106.6329
52.7501	106.5671
52.7751	106.50172
52.8001	106.43674
52.8251	106.37215
52.8501	106.30791
52.8751	106.24403
52.9001	106.18048
52.9251	106.11727
52.9501	106.05436
52.9751	105.99177
53.0001	105.92947
53.0251	105.86748
53.0501	105.80578
53.0751	105.74437
53.1001	105.68326
53.1251	105.62244
53.1501	105.56191
53.1751	105.50169
53.2001	105.44178
53.2251	105.38217
53.2501	105.32289
53.2751	105.26395
53.3001	105.20535
53.3251	105.14711
53.3501	105.08924
53.3751	105.03177
53.4001	104.97471
53.4251	104.91808
53.4501	104.8619
53.4751	104.8062
53.5001	104.75102
53.5251	104.69636
53.5501	104.64228
53.5751	104.58879
53.6001	104.53595
53.6251	104.48379
53.6501	104.43235
53.6751	104.38167
53.7001	104.33182
53.7251	104.28284
53.7501	104.23478
53.7751	104.18772
53.8001	104.14171
53.8251	104.09683
53.8501	104.05315
53.8751	104.01076
53.9001	103.96974
53.9251	103.9302
53.9501	103.89222
53.9751	103.85593
54.0001	103.82144
54.0251	103.78888
54.0501	103.75839
54.0751	103.73011
54.1001	103.70422
54.1251	103.68089
54.1501	103.66031
54.1751	103.64269
54.2001	103.62825
54.2251	103.61725
54.2501	103.60994
54.2751	103.60663
54.3001	103.60763
54.3251	103.61331
54.3501	103.62404
54.3751	103.64025
54.4001	103.66241
54.4251	103.69105
54.4501	103.72672
54.4751	103.77008
54.5001	103.82181
54.5251	103.88272
54.5501	103.95367
54.5751	104.03564
54.6001	104.12974
54.6251	104.23721
54.6501	104.35943
54.6751	104.498
54.7001	104.65469
54.7251	104.83156
54.7501	105.03093
54.7751	105.25548
54.8001	105.50829
54.8251	105.79293
54.8501	106.11352
54.8751	106.4749
54.9001	106.88272
54.9251	107.34366
54.9501	107.86561
54.9751	108.458
55.0001	109.13215
55.0251	109.90172
55.0501	110.78337
55.0751	111.79752
55.1001	112.96946
55.1251	114.3308
55.1501	115.92145
55.1751	117.79236
55.2001	120.00942
55.2251	122.659
55.2501	125.85644
55.2751	129.75981
55.3001	134.59532
55.3251	140.71009
55.3501	148.68844
55.3751	159.60102
55.4001	175.48078
55.4251	200.04886
55.4501	239.39337
55.4751	301.99941
55.5001	396.19362
55.5251	524.68791
55.5501	675.03837
55.5751	807.35752
55.6001	861.27978
55.6251	816.09057
55.6501	723.74422
55.6751	644.57075
55.7001	601.76539
55.7251	582.91147
55.7501	554.72663
55.7751	494.75622
55.8001	413.53423
55.8251	333.59123
55.8501	267.97439
55.8751	219.76576
55.9001	186.77753
55.9251	164.97743
55.9501	150.51376
55.9751	140.55621
56.0001	133.32816
56.0251	127.80962
56.0501	123.42994
56.0751	119.85929
56.1001	116.89307
56.1251	114.39403
56.1501	112.26431
56.1751	110.43118
56.2001	108.83924
56.2251	107.4455
56.2501	106.21619
56.2751	105.12445
56.3001	104.14871
56.3251	103.27148
56.3501	102.47846
56.3751	101.75786
56.4001	101.0999
56.4251	100.49639
56.4501	99.94045
56.4751	99.42625
56.5001	98.94884
56.5251	98.50398
56.5501	98.08802
56.5751	97.69782
56.6001	97.33065
56.6251	96.98415
56.6501	96.65623
56.6751	96.34508
56.7001	96.0491
56.7251	95.76688
56.7501	95.49716
56.7751	95.23884
56.8001	94.99093
56.8251	94.74717
56.8501	94.47455
56.8751	94.21795
56.9001	94.00436
56.9251	93.79757
56.9501	93.59708
56.9751	93.4024
57.0001	93.21313
57.0251	93.02887
57.0501	92.84927
57.0751	92.67402
57.1001	92.50281
57.1251	92.33539
57.1501	92.17151
57.1751	92.01095
57.2001	91.8535
57.2251	91.69897
57.2501	91.54718
57.2751	91.39799
57.3001	91.25124
57.3251	91.1068
57.3501	90.96453
57.3751	90.82433
57.4001	90.68608
57.4251	90.54969
57.4501	90.41506
57.4751	90.28211
57.5001	90.15075
57.5251	90.02091
57.5501	89.89253
57.5751	89.76554
57.6001	89.63987
57.6251	89.51547
57.6501	89.39229
57.6751	89.27029
57.7001	89.1494
57.7251	89.0296
57.7501	88.91084
57.7751	88.79309
57.8001	88.6763
57.8251	88.56046
57.8501	88.44551
57.8751	88.33145
57.9001	88.21823
57.9251	88.10585
57.9501	87.99426
57.9751	87.88933
58.0001	87.8136
58.0251	87.70457
58.0501	87.59627
58.0751	87.48867
58.1001	87.38177
58.1251	87.27553
58.1501	87.16996
58.1751	87.06504
58.2001	86.96076
58.2251	86.8571
58.2501	86.75405
58.2751	86.6516
58.3001	86.54975
58.3251	86.44849
58.3501	86.3478
58.3751	86.24768
58.4001	86.14812
58.4251	86.04911
58.4501	85.95066
58.4751	85.85275
58.5001	85.75537
58.5251	85.65853
58.5501	85.56221
58.5751	85.46642
58.6001	85.37115
58.6251	85.27639
58.6501	85.18214
58.6751	85.08841
58.7001	84.99518
58.7251	84.90245
58.7501	84.81023
58.7751	84.71851
58.8001	84.62728
58.8251	84.53655
58.8501	84.44632
58.8751	84.35657
58.9001	84.26733
58.9251	84.17857
58.9501	84.0903
58.9751	84.00253
59.0001	83.91524
59.0251	83.82844
59.0501	83.74214
59.0751	83.65632
59.1001	83.57099
59.1251	83.48615
59.1501	83.4018
59.1751	83.31795
59.2001	83.23458
59.2251	83.15171
59.2501	83.06933
59.2751	82.98744
59.3001	82.90605
59.3251	82.82515
59.3501	82.74475
59.3751	82.66484
59.4001	82.58544
59.4251	82.50653
59.4501	82.42813
59.4751	82.35023
59.5001	82.27284
59.5251	82.19595
59.5501	82.11956
59.5751	82.04369
59.6001	81.96833
59.6251	81.89348
59.6501	81.81914
59.6751	81.74532
59.7001	81.67202
59.7251	81.59923
59.7501	81.52697
59.7751	81.45523
59.8001	81.38402
59.8251	81.31334
59.8501	81.24318
59.8751	81.19011
59.9001	81.14405
59.9251	81.07586
59.9501	81.00822
59.9751	80.94112
60.0001	80.87457
60.0251	80.80856
60.0501	80.74311
60.0751	80.67821
60.1001	80.61387
60.1251	80.55009
60.1501	80.48688
60.1751	80.42422
60.2001	80.36213
60.2251	80.30061
60.2501	80.23967
60.2751	80.17929
60.3001	80.11949
60.3251	80.06027
60.3501	80.00164
60.3751	79.94358
60.4001	79.88612
60.4251	79.82924
60.4501	79.77295
60.4751	79.71726
60.5001	79.66217
60.5251	79.60767
60.5501	79.55378
60.5751	79.50049
60.6001	79.44781
60.6251	79.39574
60.6501	79.34428
60.6751	79.29344
60.7001	79.24321
60.7251	79.19361
60.7501	79.14463
60.7751	79.09627
60.8001	79.04855
60.8251	78.99863
60.8501	78.90079
60.8751	78.84973
60.9001	78.80513
60.9251	78.76115
60.9501	78.71782
60.9751	78.67513
61.0001	78.63308
61.0251	78.59168
61.0501	78.55092
61.0751	78.51082
61.1001	78.47138
61.1251	78.43259
61.1501	78.39447
61.1751	78.35701
61.2001	78.32022
61.2251	78.2841
61.2501	78.24865
61.2751	78.21388
61.3001	78.17979
61.3251	78.14639
61.3501	78.11367
61.3751	78.08165
61.4001	78.05032
61.4251	78.01968
61.4501	77.98975
61.4751	77.96052
61.5001	77.93199
61.5251	77.90418
61.5501	77.87708
61.5751	77.8507
61.6001	77.82504
61.6251	77.80011
61.6501	77.7759
61.6751	77.75243
61.7001	77.72969
61.7251	77.70769
61.7501	77.68644
61.7751	77.66594
61.8001	77.64618
61.8251	77.62718
61.8501	77.60895
61.8751	77.59147
61.9001	77.57477
61.9251	77.55884
61.9501	77.54369
61.9751	77.52931
62.0001	77.51573
62.0251	77.50294
62.0501	77.49094
62.0751	77.47975
62.1001	77.46936
62.1251	77.45979
62.1501	77.45103
62.1751	77.4431
62.2001	77.43641
62.2251	77.46653
62.2501	77.46135
62.2751	77.45025
62.3001	77.39245
62.3251	77.3903
62.3501	77.38901
62.3751	77.38859
62.4001	77.38905
62.4251	77.3904
62.4501	77.39264
62.4751	77.39579
62.5001	77.39985
62.5251	77.40483
62.5501	77.41074
62.5751	77.4176
62.6001	77.4254
62.6251	77.43417
62.6501	77.4439
62.6751	77.45463
62.7001	77.46634
62.7251	77.47907
62.7501	77.49281
62.7751	77.50759
62.8001	77.52342
62.8251	77.54031
62.8501	77.55828
62.8751	77.57735
62.9001	77.59753
62.9251	77.61884
62.9501	77.6413
62.9751	77.66492
63.0001	77.68974
63.0251	77.71578
63.0501	77.74305
63.0751	77.77158
63.1001	77.8014
63.1251	77.83253
63.1501	77.86501
63.1751	77.89886
63.2001	77.93413
63.2251	77.97083
63.2501	78.00902
63.2751	78.04873
63.3001	78.09
63.3251	78.13288
63.3501	78.17741
63.3751	78.22365
63.4001	78.27165
63.4251	78.32147
63.4501	78.37317
63.4751	78.42682
63.5001	78.48249
63.5251	78.54025
63.5501	78.6002
63.5751	78.66241
63.6001	78.72699
63.6251	78.79404
63.6501	78.86366
63.6751	78.93599
63.7001	79.01115
63.7251	79.08929
63.7501	79.17055
63.7751	79.25511
63.8001	79.34315
63.8251	79.43487
63.8501	79.53048
63.8751	79.63023
63.9001	79.73437
63.9251	79.8432
63.9501	79.95701
63.9751	80.07618
64.0001	80.20106
64.0251	80.3321
64.0501	80.46976
64.0751	80.61456
64.1001	80.76708
64.1251	80.92797
64.1501	81.09797
64.1751	81.27827
64.2001	81.50477
64.2251	81.70768
64.2501	81.92362
64.2751	82.15393
64.3001	82.40011
64.3251	82.6639
64.3501	82.94727
64.3751	83.2525
64.4001	83.58225
64.4251	83.93956
64.4501	84.32803
64.4751	84.75184
64.5001	85.21595
64.5251	85.72622
64.5501	86.28963
64.5751	86.91459
64.6001	87.61123
64.6251	88.39192
64.6501	89.2718
64.6751	90.26965
64.7001	91.40892
64.7251	92.71921
64.7501	94.23834
64.7751	96.01526
64.8001	98.11452
64.8251	100.62378
64.8501	103.66775
64.8751	107.43683
64.9001	112.24744
64.9251	118.66293
64.9501	127.71035
64.9751	141.19924
65.0001	162.04174
65.0251	194.27628
65.0501	242.32403
65.0751	309.06943
65.1001	392.57826
65.1251	481.20509
65.1501	549.10805
65.1751	566.0246
65.2001	528.79097
65.2251	467.42847
65.2501	413.18115
65.2751	381.14145
65.3001	371.48248
65.3251	372.5941
65.3501	365.87932
65.3751	338.77944
65.4001	295.49252
65.4251	248.50302
65.4501	206.81639
65.4751	174.00039
65.5001	150.15565
65.5251	133.70628
65.5501	122.61123
65.5751	115.06535
65.6001	109.75868
65.6251	105.853
65.6501	102.85019
65.6751	100.46131
65.7001	98.51492
65.7251	96.90316
65.7501	95.55326
65.7751	94.41296
65.8001	93.44312
65.8251	92.61357
65.8501	91.90064
65.8751	91.28549
65.9001	90.75299
65.9251	90.29086
65.9501	89.88903
65.9751	89.53921
66.0001	89.23451
66.0251	88.96915
66.0501	88.73827
66.0751	88.53776
66.1001	88.36412
66.1251	88.21433
66.1501	88.08584
66.1751	87.97639
66.2001	87.88405
66.2251	87.80715
66.2501	87.7442
66.2751	87.69391
66.3001	87.65706
66.3251	87.65118
66.3501	87.6327
66.3751	87.62304
66.4001	87.62151
66.4251	87.62747
66.4501	87.64034
66.4751	87.65963
66.5001	87.68488
66.5251	87.71567
66.5501	87.75163
66.5751	87.79242
66.6001	87.83774
66.6251	87.8873
66.6501	87.94086
66.6751	87.99818
66.7001	88.05906
66.7251	88.12329
66.7501	88.19071
66.7751	88.26115
66.8001	88.33446
66.8251	88.41051
66.8501	88.48917
66.8751	88.57032
66.9001	88.65386
66.9251	88.73969
66.9501	88.82773
66.9751	88.91788
67.0001	89.01007
67.0251	89.10423
67.0501	89.2003
67.0751	89.29821
67.1001	89.39792
67.1251	89.49936
67.1501	89.60249
67.1751	89.70727
67.2001	89.81366
67.2251	89.92162
67.2501	90.03113
67.2751	90.14215
67.3001	90.25465
67.3251	90.36861
67.3501	90.48402
67.3751	90.60085
67.4001	90.71908
67.4251	90.83871
67.4501	90.95972
67.4751	91.0821
67.5001	91.20585
67.5251	91.33097
67.5501	91.45745
67.5751	91.58529
67.6001	91.71449
67.6251	91.84507
67.6501	91.97703
67.6751	92.11038
67.7001	92.24514
67.7251	92.38131
67.7501	92.51893
67.7751	92.658
67.8001	92.79856
67.8251	92.94063
67.8501	93.08425
67.8751	93.22945
67.9001	93.37627
67.9251	93.52475
67.9501	93.67494
67.9751	93.8269
68.0001	93.98067
68.0251	94.13633
68.0501	94.29393
68.0751	94.45357
68.1001	94.61531
68.1251	94.77925
68.1501	94.94549
68.1751	95.11414
68.2001	95.28531
68.2251	95.45912
68.2501	95.63573
68.2751	95.81528
68.3001	95.99795
68.3251	96.18391
68.3501	96.37345
68.3751	96.59038
68.4001	96.78773
68.4251	96.98932
68.4501	97.19545
68.4751	97.40644
68.5001	97.62266
68.5251	97.8445
68.5501	98.07242
68.5751	98.30692
68.6001	98.54854
68.6251	98.79791
68.6501	99.05573
68.6751	99.32277
68.7001	99.5999
68.7251	99.88813
68.7501	100.18856
68.7751	100.50248
68.8001	100.83133
68.8251	101.17677
68.8501	101.54071
68.8751	101.92533
68.9001	102.33316
68.9251	102.76714
68.9501	103.23071
68.9751	103.72787
69.0001	104.26338
69.0251	104.84283
69.0501	105.47291
69.0751	106.16164
69.1001	106.91871
69.1251	107.75589
69.1501	108.68762
69.1751	109.73175
69.2001	110.91056
69.2251	112.25211
69.2501	113.79224
69.2751	115.57736
69.3001	117.66898
69.3251	120.15169
69.3501	123.14868
69.3751	126.8535
69.4001	131.59428
69.4251	137.95379
69.4501	146.96529
69.4751	160.36596
69.5001	180.79324
69.5251	211.67032
69.5501	256.44996
69.5751	316.98854
69.6001	390.96796
69.6251	468.1926
69.6501	527.4024
69.6751	543.84686
69.7001	513.29197
69.7251	458.61638
69.7501	406.33566
69.7751	371.425
69.8001	357.39162
69.8251	358.75627
69.8501	362.76781
69.8751	354.49205
69.9001	327.73444
69.9251	289.10717
69.9501	248.86132
69.9751	213.57385
70.0001	185.74459
70.0251	165.34457
70.0501	151.10032
70.0751	141.37883
70.1001	134.71401
70.1251	130.01528
70.1501	126.56449
70.1751	123.9231
70.2001	121.83177
70.2251	120.13543
70.2501	118.73692
70.2751	117.5761
70.3001	116.63576
70.3251	115.80902
70.3501	115.10772
70.3751	114.51092
70.4001	114.00192
70.4251	113.56724
70.4501	113.1959
70.4751	112.87888
70.5001	112.60874
70.5251	112.37925
70.5501	112.18519
70.5751	112.02217
70.6001	111.88644
70.6251	111.77482
70.6501	111.68457
70.6751	111.61333
70.7001	111.55905
70.7251	111.51995
70.7501	111.4945
70.7751	111.48132
70.8001	111.47924
70.8251	111.47102
70.8501	111.46532
70.8751	111.49098
70.9001	111.52418
70.9251	111.56424
70.9501	111.61058
70.9751	111.66268
71.0001	111.72006
71.0251	111.78229
71.0501	111.84898
71.0751	111.91978
71.1001	111.99438
71.1251	112.07249
71.1501	112.15384
71.1751	112.23819
71.2001	112.32534
71.2251	112.41507
71.2501	112.5072
71.2751	112.60156
71.3001	112.69801
71.3251	112.7964
71.3501	112.89659
71.3751	112.99848
71.4001	113.10194
71.4251	113.20688
71.4501	113.31319
71.4751	113.42081
71.5001	113.52963
71.5251	113.6396
71.5501	113.75063
71.5751	113.86267
71.6001	113.97566
71.6251	114.08954
71.6501	114.20427
71.6751	114.31979
71.7001	114.43607
71.7251	114.55307
71.7501	114.67075
71.7751	114.78907
71.8001	114.90802
71.8251	115.02756
71.8501	115.14767
71.8751	115.26833
71.9001	115.38952
71.9251	115.51122
71.9501	115.63343
71.9751	115.75612
72.0001	115.8793
72.0251	116.00294
72.0501	116.12706
72.0751	116.25165
72.1001	116.37671
72.1251	116.50225
72.1501	116.62826
72.1751	116.75476
72.2001	116.88176
72.2251	117.00927
72.2501	117.13731
72.2751	117.2659
72.3001	117.39507
72.3251	117.52483
72.3501	117.6388
72.3751	117.74657
72.4001	117.87861
72.4251	118.01623
72.4501	118.18785
72.4751	118.32261
72.5001	118.45828
72.5251	118.59492
72.5501	118.7326
72.5751	118.87139
72.6001	119.01139
72.6251	119.15269
72.6501	119.29539
72.6751	119.43961
72.7001	119.58547
72.7251	119.73312
72.7501	119.88269
72.7751	120.03438
72.8001	120.18835
72.8251	120.34481
72.8501	120.504
72.8751	120.66617
72.9001	120.83159
72.9251	121.00057
72.9501	121.17347
72.9751	121.35067
73.0001	121.53261
73.0251	121.71976
73.0501	121.91268
73.0751	122.11198
73.1001	122.31834
73.1251	122.53257
73.1501	122.75554
73.1751	122.98827
73.2001	123.23193
73.2251	123.48785
73.2501	123.75756
73.2751	124.04284
73.3001	124.34575
73.3251	124.66868
73.3501	125.01447
73.3751	125.38641
73.4001	125.78846
73.4251	126.22528
73.4501	126.7025
73.4751	127.2269
73.5001	127.80671
73.5251	128.45205
73.5501	129.17538
73.5751	129.99229
73.6001	130.92239
73.6251	131.99078
73.6501	133.23016
73.6751	134.68446
73.7001	136.41568
73.7251	138.51735
73.7501	141.14144
73.7751	144.54921
73.8001	149.19771
73.8251	155.86409
73.8501	165.77767
73.8751	180.67078
73.9001	202.59898
73.9251	233.37892
73.9501	273.57527
73.9751	321.00817
74.0001	368.70618
74.0251	403.56685
74.0501	411.60546
74.0751	391.27736
74.1001	356.0314
74.1251	321.34719
74.1501	296.53119
74.1751	284.68319
74.2001	284.07753
74.2251	288.99255
74.2501	290.8105
74.2751	282.22774
74.3001	262.80302
74.3251	237.9674
74.3501	213.34754
74.3751	192.14506
74.4001	175.46994
74.4251	163.17244
74.4501	154.48419
74.4751	148.46646
74.5001	144.27904
74.5251	141.28883
74.5501	139.07018
74.5751	137.35706
74.6001	135.98896
74.6251	134.86867
74.6501	133.93513
74.6751	133.14761
74.7001	132.47727
74.7251	131.90262
74.7501	131.40708
74.7751	130.97761
74.8001	130.60373
74.8251	130.27696
74.8501	129.99038
74.8751	129.73828
74.9001	129.51592
74.9251	129.31932
74.9501	129.14516
74.9751	128.99061
75.0001	128.85328
75.0251	128.73109
75.0501	128.6223
75.0751	128.52537
75.1001	128.43897
75.1251	128.36197
75.1501	128.29334
75.1751	128.23222
75.2001	128.17781
75.2251	128.12944
75.2501	128.08649
75.2751	128.04843
75.3001	128.01479
75.3251	127.98512
75.3501	127.95905
75.3751	127.93623
75.4001	127.91636
75.4251	127.89915
75.4501	127.88437
75.4751	127.87177
75.5001	127.86117
75.5251	127.85238
75.5501	127.81494
75.5751	127.80383
75.6001	127.7998
75.6251	127.797
75.6501	127.7953
75.6751	127.79461
75.7001	127.79482
75.7251	127.79586
75.7501	127.79764
75.7751	127.80011
75.8001	127.80318
75.8251	127.80682
75.8501	127.81097
75.8751	127.81557
75.9001	127.8206
75.9251	127.82602
75.9501	127.83179
75.9751	127.83789
76.0001	127.84429
76.0251	127.85098
76.0501	127.85794
76.0751	127.86516
76.1001	127.87263
76.1251	127.88035
76.1501	127.8883
76.1751	127.89651
76.2001	127.90496
76.2251	127.91367
76.2501	127.92264
76.2751	127.9319
76.3001	127.94146
76.3251	127.95135
76.3501	127.96158
76.3751	127.97218
76.4001	127.9832
76.4251	128.00676
76.4501	128.0188
76.4751	128.03136
76.5001	128.04451
76.5251	128.05829
76.5501	128.07277
76.5751	128.088
76.6001	128.10406
76.6251	128.12103
76.6501	128.13899
76.6751	128.15802
76.7001	128.17824
76.7251	128.19974
76.7501	128.22265
76.7751	128.24708
76.8001	128.27319
76.8251	128.30111
76.8501	128.33101
76.8751	128.36308
76.9001	128.39749
76.9251	128.43447
76.9501	128.47424
76.9751	128.51705
77.0001	128.56318
77.0251	128.61293
77.0501	128.66664
77.0751	128.72465
77.1001	128.78739
77.1251	128.83992
77.1501	128.89237
77.1751	128.9723
77.2001	129.059
77.2251	129.15313
77.2501	129.25542
77.2751	129.36669
77.3001	129.48787
77.3251	129.61998
77.3501	129.76417
77.3751	129.92174
77.4001	130.09418
77.4251	130.28313
77.4501	130.49051
77.4751	130.71847
77.5001	130.9695
77.5251	131.24644
77.5501	131.55259
77.5751	131.89175
77.6001	132.26836
77.6251	132.68763
77.6501	133.15565
77.6751	133.67964
77.7001	134.2682
77.7251	134.9316
77.7501	135.6822
77.7751	136.53503
77.8001	137.50841
77.8251	138.62496
77.8501	139.91279
77.8751	141.40731
77.9001	143.15374
77.9251	145.21132
77.9501	147.66051
77.9751	150.61686
78.0001	154.27318
78.0251	158.89046
78.0501	164.98032
78.0751	173.3893
78.1001	185.50405
78.1251	203.42642
78.1501	229.99282
78.1751	268.43061
78.2001	321.46686
78.2251	389.82596
78.2501	470.09349
78.2751	551.836
78.3001	615.41883
78.3251	637.93641
78.3501	611.93791
78.3751	554.4055
78.4001	490.64331
78.4251	438.73037
78.4501	407.09277
78.4751	396.6114
78.5001	402.14734
78.5251	413.25332
78.5501	416.20171
78.5751	400.74972
78.6001	367.50861
78.6251	325.36549
78.6501	283.22305
78.6751	246.32026
78.7001	216.67442
78.7251	194.28189
78.7501	178.0723
78.7751	166.59787
78.8001	158.47862
78.8251	152.61643
78.8501	148.23558
78.8751	144.83061
78.9001	142.08742
78.9251	139.81352
78.9501	137.88867
78.9751	136.23424
79.0001	134.79578
79.0251	133.53346
79.0501	132.41691
79.0751	131.42228
79.1001	130.53053
79.1251	129.72619
79.1501	128.99662
79.1751	128.33139
79.2001	127.72183
79.2251	127.16067
79.2501	126.64179
79.2751	126.16
79.3001	125.7109
79.3251	125.29071
79.3501	124.89616
79.3751	124.52445
79.4001	124.17314
79.4251	123.8401
79.4501	123.52348
79.4751	123.22163
79.5001	122.93312
79.5251	122.65669
79.5501	122.3912
79.5751	122.13566
79.6001	121.88918
79.6251	121.65096
79.6501	121.42028
79.6751	121.19652
79.7001	120.97908
79.7251	120.76747
79.7501	120.56119
79.7751	120.35985
79.8001	120.16304
79.8251	119.97042
79.8501	119.78168
79.8751	119.59653
79.9001	119.41471
79.9251	119.23596
79.9501	119.06009
79.9751	118.88688
80.0001	118.71616
80.0251	118.54775
80.0501	118.38151
80.0751	118.21728
80.1001	118.05495
80.1251	117.89438
80.1501	117.73359
80.1751	117.55457
80.2001	117.39891
80.2251	117.24462
80.2501	117.09165
80.2751	116.93991
80.3001	116.78933
80.3251	116.63988
80.3501	116.50642
80.3751	116.35914
80.4001	116.21282
80.4251	116.06743
80.4501	115.92292
80.4751	115.77927
80.5001	115.63644
80.5251	115.49441
80.5501	115.35316
80.5751	115.21267
80.6001	115.07292
80.6251	114.9339
80.6501	114.7956
80.6751	114.65802
80.7001	114.52114
80.7251	114.38497
80.7501	114.24951
80.7751	114.11476
80.8001	113.98073
80.8251	113.84743
80.8501	113.71487
80.8751	113.58307
80.9001	113.45204
80.9251	113.32182
80.9501	113.19242
80.9751	113.06387
81.0001	112.93621
81.0251	112.80948
81.0501	112.68372
81.0751	112.55896
81.1001	112.43528
81.1251	112.31271
81.1501	112.19133
81.1751	112.0712
81.2001	111.95241
81.2251	111.83503
81.2501	111.71915
81.2751	111.60489
81.3001	111.49236
81.3251	111.38167
81.3501	111.27297
81.3751	111.16641
81.4001	111.06217
81.4251	110.96042
81.4501	110.86138
81.4751	110.76528
81.5001	110.67238
81.5251	110.58298
81.5501	110.49739
81.5751	110.41599
81.6001	110.3392
81.6251	110.26747
81.6501	110.20135
81.6751	110.14143
81.7001	110.08841
81.7251	110.04309
81.7501	110.00636
81.7751	109.97062
81.8001	109.93908
81.8251	109.93533
81.8501	109.94556
81.8751	109.97172
81.9001	110.01613
81.9251	110.08156
81.9501	110.17135
81.9751	110.28948
82.0001	110.44082
82.0251	110.63135
82.0501	110.86842
82.0751	111.16127
82.1001	111.5216
82.1251	111.96469
82.1501	112.51121
82.1751	113.1907
82.2001	114.04816
82.2251	115.15629
82.2501	116.63659
82.2751	118.69204
82.3001	121.64972
82.3251	126.00172
82.3501	132.41684
82.3751	141.68144
82.4001	154.52875
82.4251	171.339
82.4501	191.71243
82.4751	213.89348
82.5001	234.10684
82.5251	246.69759
82.5501	247.0475
82.5751	235.87019
82.6001	218.71541
82.6251	201.48552
82.6501	187.97534
82.6751	179.87111
82.7001	177.25327
82.7251	178.90663
82.7501	182.44462
82.7751	184.58798
82.8001	182.37264
82.8251	175.05758
82.8501	164.38038
82.8751	152.7656
82.9001	141.94928
82.9251	132.79553
82.9501	125.54825
82.9751	120.08002
83.0001	116.07982
83.0251	113.18843
83.0501	111.08195
83.0751	109.50813
83.1001	108.28932
83.1251	107.30881
83.1501	106.49293
83.1751	105.79569
83.2001	105.18786
83.2251	104.65005
83.2501	104.16871
83.2751	103.73386
83.3001	103.33784
83.3251	102.97462
83.3501	102.63933
83.3751	102.328
83.4001	102.03739
83.4251	101.76479
83.4501	101.50792
83.4751	101.2649
83.5001	101.03412
83.5251	100.81421
83.5501	100.60399
83.5751	100.40248
83.6001	100.20879
83.6251	100.02218
83.6501	99.84201
83.6751	99.66769
83.7001	99.49873
83.7251	99.33469
83.7501	99.17519
83.7751	99.01989
83.8001	98.86847
83.8251	98.72068
83.8501	98.57627
83.8751	98.43504
83.9001	98.29678
83.9251	98.16133
83.9501	98.02853
83.9751	97.89825
84.0001	97.77037
84.0251	97.64476
84.0501	97.52133
84.0751	97.4
84.1001	97.28067
84.1251	97.16327
84.1501	97.04773
84.1751	96.93401
84.2001	96.82203
84.2251	96.71175
84.2501	96.60313
84.2751	96.49612
84.3001	96.39069
84.3251	96.28681
84.3501	96.18445
84.3751	96.08358
84.4001	95.98418
84.4251	95.88623
84.4501	95.78971
84.4751	95.69461
84.5001	95.60092
84.5251	95.50862
84.5501	95.4177
84.5751	95.32817
84.6001	95.24
84.6251	95.15321
84.6501	95.06779
84.6751	94.98351
84.7001	94.85868
84.7251	94.77773
84.7501	94.69816
84.7751	94.61998
84.8001	94.5432
84.8251	94.46783
84.8501	94.39389
84.8751	94.32138
84.9001	94.25033
84.9251	94.18076
84.9501	94.11269
84.9751	94.04614
85.0001	93.98114
85.0251	93.91772
85.0501	93.85592
85.0751	93.79576
85.1001	93.73728
85.1251	93.68054
85.1501	93.62557
85.1751	93.57242
85.2001	93.52115
85.2251	93.47182
85.2501	93.42449
85.2751	93.37924
85.3001	93.33614
85.3251	93.29528
85.3501	93.25674
85.3751	93.22064
85.4001	93.18708
85.4251	93.15618
85.4501	93.12809
85.4751	93.10294
85.5001	93.08089
85.5251	93.06214
85.5501	93.04687
85.5751	93.03531
85.6001	93.0277
85.6251	93.02431
85.6501	93.02545
85.6751	93.03145
85.7001	93.04269
85.7251	93.0596
85.7501	93.08266
85.7751	93.1124
85.8001	93.14944
85.8251	93.19446
85.8501	93.24827
85.8751	93.31176
85.9001	93.38598
85.9251	93.4721
85.9501	93.57152
85.9751	93.68584
86.0001	93.81691
86.0251	93.96693
86.0501	94.13848
86.0751	94.33461
86.1001	94.55895
86.1251	94.81585
86.1501	95.11057
86.1751	95.44949
86.2001	95.84043
86.2251	96.29308
86.2501	96.81962
86.2751	97.4357
86.3001	98.16215
86.3251	99.02802
86.3501	100.07608
86.3751	101.33123
86.4001	102.98907
86.4251	105.18649
86.4501	108.2128
86.4751	112.50941
86.5001	118.69841
86.5251	127.56495
86.5501	139.95411
86.5751	156.55418
86.6001	177.56231
86.6251	202.2353
86.6501	228.29976
86.6751	251.34828
86.7001	265.2452
86.7251	265.3017
86.7501	252.40078
86.7751	232.37437
86.8001	211.60301
86.8251	194.43665
86.8501	183.06457
86.8751	178.01313
86.9001	178.50521
86.9251	182.62186
86.9501	187.38089
86.9751	189.21536
87.0001	185.503
87.0251	176.23378
87.0501	163.62299
87.0751	150.22638
87.1001	137.80458
87.1251	127.2424
87.1501	118.80257
87.1751	112.3652
87.2001	107.61136
87.2251	104.15903
87.2501	101.65148
87.2751	99.80051
87.3001	98.39544
87.3251	97.29281
87.3501	96.39937
87.3751	95.65574
87.4001	95.02389
87.4251	94.47879
87.4501	94.00314
87.4751	93.58443
87.5001	93.21313
87.5251	92.88179
87.5501	92.58441
87.5751	92.31611
87.6001	92.07285
87.6251	91.85127
87.6501	91.64854
87.6751	91.46228
87.7001	91.29048
87.7251	91.13139
87.7501	90.98353
87.7751	90.84563
87.8001	90.71656
87.8251	90.59535
87.8501	90.48116
87.8751	90.37323
87.9001	90.27091
87.9251	90.1736
87.9501	90.0808
87.9751	89.99202
88.0001	89.90686
88.0251	0
88.0501	0
88.0751	0
88.1001	0
88.1251	0
88.1501	0
88.1751	0
88.2001	0
88.2251	0
88.2501	0
88.2751	0
88.3001	0
88.3251	0
88.3501	0
88.3751	0
88.4001	0
88.4251	0
88.4501	0
88.4751	0
88.5001	0
88.5251	0
88.5501	0
88.5751	0
88.6001	0
88.6251	0
88.6501	0
88.6751	0
88.7001	0
88.7251	0
88.7501	0
88.7751	0
88.8001	0
88.8251	0
88.8501	0
88.8751	0
88.9001	0
88.9251	0
88.9501	0
88.9751	0
89.0001	0
89.0251	0
89.0501	0
89.0751	0
89.1001	0
89.1251	0
89.1501	0
89.1751	0
89.2001	0
89.2251	0
89.2501	0
89.2751	0
89.3001	0
89.3251	0
89.3501	0
89.3751	0
89.4001	0
89.4251	0
89.4501	0
89.4751	0
89.5001	0
89.5251	0
89.5501	0
89.5751	0
89.6001	0
89.6251	0
89.6501	0
89.6751	0
89.7001	0
89.7251	0
89.7501	0
89.7751	0
89.8001	0
89.8251	0
89.8501	0
89.8751	0
89.9001	0
89.9251	0
89.9501	0
89.9751	0
90.0001	0