16.5001	0
16.5251	0
16.5501	0
16.5751	0
16.6001	0
16.6251	0
16.6501	0
16.6751	0
16.7001	0
16.7251	0
16.7501	0
16.7751	0
16.8001	0
16.8251	0
16.8501	0
16.8751	0
16.9001	0
16.9251	0
16.9501	0
16.9751	0
17.0001	0
17.0251	0
17.0501	0
17.0751	0
17.1001	0
17.1251	0
17.1501	0
17.1751	0
17.2001	0
17.2251	0
17.2501	0
17.2751	0
17.3001	0
17.3251	0
17.3501	0
17.3751	0
17.4001	0
17.4251	0
17.4501	0
17.4751	0
17.5001	0
17.5251	0
17.5501	0
17.5751	0
17.6001	0
17.6251	0
17.6501	0
17.6751	0
17.7001	0
17.7251	0
17.7501	0
17.7751	0
17.8001	0
17.8251	0
17.8501	0
17.8751	0
17.9001	0
17.9251	0
17.9501	0
17.9751	0
18.0001	0
18.0251	0
18.0501	0
18.0751	0
18.1001	0
18.1251	0
18.1501	0
18.1751	0
18.2001	0
18.2251	0
18.2501	0
18.2751	0
18.3001	0
18.3251	0
18.3501	0
18.3751	0
18.4001	0
18.4251	0
18.4501	0
18.4751	0
18.5001	0
18.5251	0
18.5501	0
18.5751	0
18.6001	0
18.6251	0
18.6501	0
18.6751	0
18.7001	0
18.7251	0
18.7501	0
18.7751	0
18.8001	0
18.8251	0
18.8501	0
18.8751	0
18.9001	0
18.9251	0
18.9501	0
18.9751	0
19.0001	0
19.0251	0
19.0501	0
19.0751	0
19.1001	0
19.1251	0
19.1501	0
19.1751	0
19.2001	0
19.2251	0
19.2501	0
19.2751	0
19.3001	0
19.3251	0
19.3501	0
19.3751	0
19.4001	0
19.4251	0
19.4501	0
19.4751	0
19.5001	0
19.5251	0
19.5501	0
19.5751	0
19.6001	0
19.6251	0
19.6501	0
19.6751	0
19.7001	0
19.7251	0
19.7501	0
19.7751	0
19.8001	0
19.8251	0
19.8501	0
19.8751	0
19.9001	0
19.9251	0
19.9501	0
19.9751	0
20.0001	233.09669
20.0251	231.81334
20.0501	230.54957
20.0751	229.3112
20.1001	228.10674
20.1251	226.94706
20.1501	225.87576
20.1751	224.89768
20.2001	223.75119
20.2251	222.6232
20.2501	221.51358
20.2751	220.42218
20.3001	219.34887
20.3251	218.2935
20.3501	217.25594
20.3751	216.23607
20.4001	215.23375
20.4251	214.24887
20.4501	213.2813
20.4751	212.33091
20.5001	211.39761
20.5251	210.48127
20.5501	209.5818
20.5751	208.69907
20.6001	207.83301
20.6251	206.9835
20.6501	206.15045
20.6751	205.33379
20.7001	204.53342
20.7251	203.74926
20.7501	202.98125
20.7751	202.2293
20.8001	201.49336
20.8251	200.77336
20.8501	200.06926
20.8751	199.381
20.9001	198.70855
20.9251	198.05186
20.9501	197.4109
20.9751	196.78567
21.0001	196.17613
21.0251	195.58228
21.0501	195.00413
21.0751	194.44169
21.1001	193.89496
21.1251	193.36399
21.1501	192.8488
21.1751	192.34946
21.2001	191.866
21.2251	191.39852
21.2501	190.94708
21.2751	190.5118
21.3001	190.09278
21.3251	189.69015
21.3501	189.30406
21.3751	188.93465
21.4001	188.58212
21.4251	188.24667
21.4501	187.92851
21.4751	187.62788
21.5001	187.34661
21.5251	187.09415
21.5501	186.87859
21.5751	186.71929
21.6001	186.76049
21.6251	186.58315
21.6501	186.41872
21.6751	186.2749
21.7001	186.15222
21.7251	186.05128
21.7501	185.97273
21.7751	185.91727
21.8001	185.88566
21.8251	185.87873
21.8501	185.89739
21.8751	185.94263
21.9001	186.01551
21.9251	186.11722
21.9501	186.24902
21.9751	186.41232
22.0001	186.60862
22.0251	186.83961
22.0501	187.1071
22.0751	187.41309
22.1001	187.75976
22.1251	188.14953
22.1501	188.58503
22.1751	189.06917
22.2001	189.60516
22.2251	190.19655
22.2501	190.84725
22.2751	191.5616
22.3001	192.34441
22.3251	193.20106
22.3501	194.1375
22.3751	195.16041
22.4001	196.27726
22.4251	197.49641
22.4501	198.82729
22.4751	200.28052
22.5001	201.86812
22.5251	203.60372
22.5501	205.50283
22.5751	207.58316
22.6001	209.865
22.6251	212.37168
22.6501	215.13012
22.6751	218.17156
22.7001	221.53234
22.7251	225.255
22.7501	229.38953
22.7751	233.99506
22.8001	239.14187
22.8251	244.91403
22.8501	251.41279
22.8751	258.76094
22.9001	267.10857
22.9251	276.64066
22.9501	287.58725
22.9751	300.23734
23.0001	314.95784
23.0251	332.22025
23.0501	352.63846
23.0751	377.02358
23.1001	406.46558
23.1251	442.46035
23.1501	487.12293
23.1751	543.5886
23.2001	616.85842
23.2251	715.67203
23.2501	856.4704
23.2751	1070.74823
23.3001	1416.00515
23.3251	1985.90916
23.3501	2903.99224
23.3751	4274.44717
23.4001	6083.25916
23.4251	8071.11497
23.4501	9629.50462
23.4751	10009.7794
23.5001	9112.14067
23.5251	7498.58848
23.5501	5637.2542
23.5751	3944.19867
23.6001	2678.87446
23.6251	1844.39019
23.6501	1330.11137
23.6751	1018.8568
23.7001	824.44999
23.7251	694.91942
23.7501	602.55778
23.7751	533.20138
23.8001	479.29784
23.8251	436.42419
23.8501	401.7357
23.8751	373.27791
23.9001	349.65261
23.9251	329.83336
23.9501	313.05523
23.9751	298.75608
24.0001	286.51088
24.0251	276.08059
24.0501	267.05435
24.0751	258.92008
24.1001	251.76203
24.1251	245.43538
24.1501	239.82153
24.1751	234.82259
24.2001	230.35727
24.2251	226.3576
24.2501	222.76645
24.2751	219.53556
24.3001	216.62392
24.3251	213.9966
24.3501	211.6237
24.3751	209.47951
24.4001	207.54196
24.4251	205.79194
24.4501	204.21299
24.4751	202.79084
24.5001	201.51317
24.5251	200.36935
24.5501	199.3502
24.5751	198.44788
24.6001	197.65569
24.6251	196.96801
24.6501	196.38017
24.6751	195.88838
24.7001	195.4897
24.7251	195.18197
24.7501	194.9638
24.7751	194.83453
24.8001	194.79428
24.8251	194.84391
24.8501	194.98507
24.8751	195.22025
24.9001	195.55281
24.9251	195.98711
24.9501	196.52856
24.9751	197.18373
25.0001	197.96059
25.0251	198.86859
25.0501	199.91898
25.0751	201.12507
25.1001	202.50256
25.1251	204.07003
25.1501	205.84944
25.1751	207.86683
25.2001	210.15319
25.2251	212.74554
25.2501	215.68826
25.2751	219.03492
25.3001	222.85055
25.3251	227.21456
25.3501	232.22481
25.3751	238.00273
25.4001	244.70054
25.4251	252.51394
25.4501	261.71083
25.4751	272.63557
25.5001	285.81863
25.5251	301.69059
25.5501	320.73189
25.5751	344.26473
25.6001	373.83709
25.6251	411.84382
25.6501	462.34092
25.6751	532.85865
25.7001	638.0614
25.7251	805.84922
25.7501	1084.43164
25.7751	1543.18993
25.8001	2251.36732
25.8251	3221.82509
25.8501	4335.5864
25.8751	5280.93512
25.9001	5633.25568
25.9251	5275.14438
25.9501	4502.2701
25.9751	3547.29163
26.0001	2590.64084
26.0251	1812.51867
26.0501	1268.28839
26.0751	920.21986
26.1001	706.90596
26.1251	575.43255
26.1501	490.3188
26.1751	431.33378
26.2001	387.91587
26.2251	354.57043
26.2501	328.23279
26.2751	307.01793
26.3001	289.66738
26.3251	275.29498
26.3501	263.25608
26.3751	253.07135
26.4001	244.37822
26.4251	236.89844
26.4501	230.41564
26.4751	224.75956
26.5001	219.79476
26.5251	215.41244
26.5501	211.52439
26.5751	208.05849
26.6001	204.95534
26.6251	202.16563
26.6501	199.64817
26.6751	197.36834
26.7001	195.29686
26.7251	193.40885
26.7501	191.68306
26.7751	190.10124
26.8001	188.64764
26.8251	187.30865
26.8501	186.07242
26.8751	184.92861
26.9001	183.86819
26.9251	182.88319
26.9501	181.96661
26.9751	181.11226
27.0001	180.31467
27.0251	179.56894
27.0501	178.87075
27.0751	178.21621
27.1001	177.60186
27.1251	177.0246
27.1501	176.48163
27.1751	175.97044
27.2001	175.48878
27.2251	175.03461
27.2501	174.60609
27.2751	174.20156
27.3001	173.81952
27.3251	173.4586
27.3501	173.11758
27.3751	172.79535
27.4001	172.49089
27.4251	172.20331
27.4501	171.93177
27.4751	171.67554
27.5001	171.43396
27.5251	171.20642
27.5501	170.9924
27.5751	170.79142
27.6001	170.60307
27.6251	170.42699
27.6501	170.26285
27.6751	170.11039
27.7001	169.96939
27.7251	169.83966
27.7501	169.71725
27.7751	169.58968
27.8001	169.44775
27.8251	169.27102
27.8501	168.95377
27.8751	168.64826
27.9001	168.60306
27.9251	168.56897
27.9501	168.54618
27.9751	168.5349
28.0001	168.53536
28.0251	168.54789
28.0501	168.5728
28.0751	168.61048
28.1001	168.66137
28.1251	168.72596
28.1501	168.80477
28.1751	168.8984
28.2001	169.00752
28.2251	169.13283
28.2501	169.27513
28.2751	169.4353
28.3001	169.61427
28.3251	169.8131
28.3501	170.03291
28.3751	170.27496
28.4001	170.54059
28.4251	170.83131
28.4501	171.14873
28.4751	171.49465
28.5001	171.871
28.5251	172.27993
28.5501	172.7238
28.5751	173.20518
28.6001	173.72692
28.6251	174.29215
28.6501	174.91104
28.6751	175.65041
28.7001	176.61906
28.7251	178.19766
28.7501	179.04975
28.7751	179.97268
28.8001	180.97294
28.8251	182.05779
28.8501	183.23537
28.8751	184.51483
28.9001	185.90649
28.9251	187.42202
28.9501	189.07465
28.9751	190.87943
29.0001	192.85354
29.0251	195.01662
29.0501	197.38422
29.0751	199.97071
29.1001	202.79566
29.1251	205.86625
29.1501	209.11088
29.1751	212.85523
29.2001	217.23287
29.2251	222.12904
29.2501	227.62533
29.2751	233.82001
29.3001	240.83227
29.3251	248.80786
29.3501	257.92641
29.3751	268.41138
29.4001	280.54348
29.4251	294.67918
29.4501	311.27655
29.4751	330.93185
29.5001	354.43268
29.5251	382.83683
29.5501	417.59495
29.5751	460.75729
29.6001	515.36805
29.6251	586.31907
29.6501	682.31154
29.6751	820.17319
29.7001	1033.08178
29.7251	1382.50633
29.7501	1967.04008
29.7751	2908.74777
29.8001	4287.69701
29.8251	6017.37156
29.8501	7719.07885
29.8751	8740.42077
29.9001	8649.47753
29.9251	7770.84943
29.9501	6555.18776
29.9751	5148.97104
30.0001	3760.87544
30.0251	2632.05963
30.0501	1832.88072
30.0751	1313.29564
30.1001	989.89879
30.1251	788.15481
30.1501	656.5104
30.1751	564.83459
30.2001	497.16197
30.2251	445.22245
30.2501	404.38792
30.2751	370.81506
30.3001	343.2145
30.3251	320.20424
30.3501	300.70328
30.3751	284.33667
30.4001	270.3173
30.4251	258.2128
30.4501	247.6858
30.4751	238.47
30.5001	230.35295
30.5251	223.16351
30.5501	216.76262
30.5751	211.0363
30.6001	205.89047
30.6251	201.24689
30.6501	197.0401
30.6751	193.21494
30.7001	189.72474
30.7251	186.52975
30.7501	183.59597
30.7751	180.89415
30.8001	178.39906
30.8251	176.08881
30.8501	173.94437
30.8751	171.94908
30.9001	170.08836
30.9251	168.34939
30.9501	166.72083
30.9751	165.19268
31.0001	163.75604
31.0251	162.403
31.0501	161.1265
31.0751	159.92023
31.1001	158.77854
31.1251	157.69635
31.1501	156.66907
31.1751	155.69259
31.2001	154.76318
31.2251	153.87746
31.2501	153.03239
31.2751	152.22517
31.3001	151.45328
31.3251	150.71443
31.3501	150.00652
31.3751	149.32763
31.4001	148.67602
31.4251	148.05008
31.4501	147.44835
31.4751	146.86949
31.5001	146.31226
31.5251	145.77555
31.5501	145.25489
31.5751	144.74
31.6001	144.22137
31.6251	143.67116
31.6501	142.99461
31.6751	142.56513
31.7001	142.15042
31.7251	141.74993
31.7501	141.36313
31.7751	140.98955
31.8001	140.62877
31.8251	140.28039
31.8501	139.94405
31.8751	139.61945
31.9001	139.30628
31.9251	139.0043
31.9501	138.71329
31.9751	138.43303
32.0001	138.16337
32.0251	137.90414
32.0501	137.65525
32.0751	137.41658
32.1001	137.18806
32.1251	136.96964
32.1501	136.7613
32.1751	136.56303
32.2001	136.37483
32.2251	136.19675
32.2501	136.02885
32.2751	135.87119
32.3001	135.72389
32.3251	135.58707
32.3501	135.46086
32.3751	135.34544
32.4001	135.241
32.4251	135.14775
32.4501	135.06592
32.4751	134.99578
32.5001	134.93762
32.5251	134.89176
32.5501	134.85854
32.5751	134.83834
32.6001	134.83156
32.6251	134.83864
32.6501	134.86007
32.6751	134.89634
32.7001	134.94802
32.7251	135.01569
32.7501	135.1
32.7751	135.20162
32.8001	135.3213
32.8251	135.45983
32.8501	135.61806
32.8751	135.7969
32.9001	135.99733
32.9251	136.22041
32.9501	136.46727
32.9751	136.73913
33.0001	137.03731
33.0251	137.36321
33.0501	137.71836
33.0751	138.10441
33.1001	138.52311
33.1251	138.97641
33.1501	139.46635
33.1751	139.99518
33.2001	140.56533
33.2251	141.17943
33.2501	141.84034
33.2751	142.55118
33.3001	143.31531
33.3251	144.13644
33.3501	145.01858
33.3751	145.96613
33.4001	146.98392
33.4251	148.07723
33.4501	149.25186
33.4751	150.51419
33.5001	151.87126
33.5251	153.33084
33.5501	154.90154
33.5751	156.59288
33.6001	158.41546
33.6251	160.38108
33.6501	162.50291
33.6751	164.79568
33.7001	167.27594
33.7251	169.97699
33.7501	172.97121
33.7751	176.4516
33.8001	179.89688
33.8251	183.65061
33.8501	187.74785
33.8751	192.2288
33.9001	197.13972
33.9251	202.53412
33.9501	208.47407
33.9751	215.03202
34.0001	222.29281
34.0251	230.35643
34.0501	239.3413
34.0751	249.38853
34.1001	260.66734
34.1251	273.38203
34.1501	287.78106
34.1751	304.16907
34.2001	322.92267
34.2251	344.51194
34.2501	369.52949
34.2751	398.73079
34.3001	433.09067
34.3251	473.88397
34.3501	522.79152
34.3751	582.08051
34.4001	654.88568
34.4251	745.57532
34.4501	861.92552
34.4751	1015.57253
34.5001	1229.22446
34.5251	1547.92538
34.5501	2058.34297
34.5751	2909.13521
34.6001	4307.83877
34.6251	6450.77935
34.6501	9346.01222
34.6751	12553.1368
34.7001	15042.7821
34.7251	15724.9508
34.7501	14718.2655
34.7751	13044.8008
34.8001	11116.7564
34.8251	8874.03105
34.8501	6582.02306
34.8751	4650.75783
34.9001	3235.43819
34.9251	2287.42371
34.9501	1684.78427
34.9751	1305.32932
35.0001	1058.12956
35.0251	887.10871
35.0501	761.42159
35.0751	664.71723
35.1001	587.98871
35.1251	525.83084
35.1501	474.69831
35.1751	432.10924
35.2001	396.25448
35.2251	365.78159
35.2501	339.66128
35.2751	317.09883
35.3001	297.48716
35.3251	280.38489
35.3501	265.56517
35.3751	252.17538
35.4001	240.26261
35.4251	229.61508
35.4501	220.05766
35.4751	211.44457
35.5001	203.65359
35.5251	196.58172
35.5501	190.1416
35.5751	184.25879
35.6001	178.86951
35.6251	173.91887
35.6501	169.35853
35.6751	165.12948
35.7001	161.17331
35.7251	157.39657
35.7501	153.6827
35.7751	150.56161
35.8001	147.65005
35.8251	144.92904
35.8501	142.38172
35.8751	139.99309
35.9001	137.7497
35.9251	135.63957
35.9501	133.6519
35.9751	131.777
36.0001	130.00611
36.0251	128.33134
36.0501	126.74553
36.0751	125.2422
36.1001	123.81545
36.1251	122.45992
36.1501	121.1707
36.1751	119.94334
36.2001	118.77375
36.2251	117.65817
36.2501	116.59318
36.2751	115.57562
36.3001	114.60258
36.3251	113.67138
36.3501	112.77957
36.3751	111.92486
36.4001	111.10514
36.4251	110.31847
36.4501	109.56303
36.4751	108.83716
36.5001	108.13929
36.5251	107.46799
36.5501	106.82191
36.5751	106.19979
36.6001	105.60048
36.6251	105.02287
36.6501	104.46597
36.6751	103.92883
36.7001	103.41055
36.7251	102.91032
36.7501	102.42735
36.7751	101.96094
36.8001	101.51039
36.8251	101.07508
36.8501	100.65441
36.8751	100.24782
36.9001	99.8548
36.9251	99.47486
36.9501	99.10753
36.9751	98.75239
37.0001	98.40904
37.0251	98.07709
37.0501	97.7562
37.0751	97.44604
37.1001	97.1463
37.1251	96.85668
37.1501	96.57693
37.1751	96.30678
37.2001	96.04601
37.2251	95.7944
37.2501	95.55175
37.2751	95.31787
37.3001	95.09259
37.3251	94.87576
37.3501	94.66723
37.3751	94.46688
37.4001	94.27457
37.4251	94.09022
37.4501	93.91373
37.4751	93.74501
37.5001	93.58401
37.5251	93.43066
37.5501	93.28492
37.5751	93.14676
37.6001	93.01615
37.6251	92.89308
37.6501	92.77756
37.6751	92.66961
37.7001	92.56924
37.7251	92.47649
37.7501	92.39142
37.7751	92.31409
37.8001	92.24458
37.8251	92.18297
37.8501	92.12938
37.8751	92.08392
37.9001	92.04673
37.9251	92.01797
37.9501	91.99779
37.9751	91.9864
38.0001	91.98399
38.0251	91.99079
38.0501	92.00706
38.0751	92.03306
38.1001	92.0691
38.1251	92.11549
38.1501	92.17259
38.1751	92.24077
38.2001	92.32046
38.2251	92.4121
38.2501	92.51618
38.2751	92.63323
38.3001	92.76382
38.3251	92.90857
38.3501	93.06817
38.3751	93.24335
38.4001	93.43489
38.4251	93.64367
38.4501	93.87063
38.4751	94.11679
38.5001	94.38327
38.5251	94.67129
38.5501	94.98218
38.5751	95.31738
38.6001	95.67848
38.6251	96.06724
38.6501	96.48556
38.6751	96.93553
38.7001	97.41947
38.7251	97.93993
38.7501	98.49971
38.7751	99.10193
38.8001	99.75004
38.8251	100.44786
38.8501	101.19967
38.8751	102.01021
38.9001	102.8848
38.9251	103.8294
38.9501	104.85071
38.9751	105.95627
39.0001	107.1546
39.0251	108.45537
39.0501	109.86957
39.0751	111.40972
39.1001	113.09018
39.1251	114.92742
39.1501	116.94047
39.1751	119.15135
39.2001	121.58569
39.2251	124.27346
39.2501	127.24986
39.2751	130.55647
39.3001	134.24269
39.3251	138.3515
39.3501	142.88492
39.3751	147.78155
39.4001	153.07745
39.4251	159.85029
39.4501	167.61365
39.4751	176.56891
39.5001	186.97129
39.5251	199.14795
39.5501	213.5237
39.5751	230.6627
39.6001	251.36548
39.6251	276.7723
39.6501	307.95699
39.6751	347.37236
39.7001	398.7449
39.7251	468.97933
39.7501	571.64211
39.7751	732.87823
39.8001	998.22172
39.8251	1433.64697
39.8501	2108.72016
39.8751	3049.96115
39.9001	4161.32599
39.9251	5145.7431
39.9501	5590.67762
39.9751	5384.18745
40.0001	4871.41151
40.0251	4340.5028
40.0501	3773.60389
40.0751	3084.0736
40.1001	2348.90514
40.1251	1706.32163
40.1501	1218.85788
40.1751	882.26251
40.2001	663.2522
40.2251	523.60288
40.2501	432.54543
40.2751	369.95196
40.3001	324.27425
40.3251	289.27056
40.3501	261.52359
40.3751	239.02747
40.4001	220.4951
40.4251	205.03693
40.4501	192.00741
40.4751	180.92379
40.5001	171.41795
40.5251	163.2049
40.5501	156.06122
40.5751	149.80979
40.6001	144.30871
40.6251	139.44326
40.6501	135.11855
40.6751	131.20858
40.7001	127.56748
40.7251	123.95139
40.7501	120.7791
40.7751	118.24911
40.8001	115.95297
40.8251	113.86338
40.8501	111.95695
40.8751	110.21349
40.9001	108.61554
40.9251	107.14795
40.9501	105.79748
40.9751	104.55254
41.0001	103.40295
41.0251	102.33976
41.0501	101.35503
41.0751	100.44172
41.1001	99.59358
41.1251	98.80503
41.1501	98.07109
41.1751	97.38729
41.2001	96.74961
41.2251	96.15548
41.2501	95.63686
41.2751	95.36461
41.3001	94.88154
41.3251	94.42971
41.3501	94.00692
41.3751	93.61114
41.4001	93.24056
41.4251	92.89349
41.4501	92.5684
41.4751	92.26388
41.5001	91.97863
41.5251	91.71148
41.5501	91.46132
41.5751	91.22714
41.6001	91.00802
41.6251	90.80308
41.6501	90.61154
41.6751	90.43265
41.7001	90.26573
41.7251	90.11014
41.7501	89.96529
41.7751	89.83062
41.8001	89.70563
41.8251	89.58984
41.8501	89.48279
41.8751	89.38408
41.9001	89.29331
41.9251	89.21012
41.9501	89.13416
41.9751	89.06511
42.0001	89.00268
42.0251	88.94658
42.0501	88.89656
42.0751	88.85235
42.1001	88.81372
42.1251	88.78046
42.1501	88.75236
42.1751	88.72922
42.2001	88.71086
42.2251	88.69711
42.2501	88.68781
42.2751	88.68279
42.3001	88.68191
42.3251	88.68505
42.3501	88.69206
42.3751	88.70282
42.4001	88.71723
42.4251	88.73516
42.4501	88.75653
42.4751	88.78123
42.5001	88.80916
42.5251	88.84025
42.5501	88.87441
42.5751	88.91157
42.6001	88.95165
42.6251	88.99459
42.6501	89.04031
42.6751	89.08877
42.7001	89.1399
42.7251	89.19365
42.7501	89.24997
42.7751	89.30882
42.8001	89.37015
42.8251	89.43393
42.8501	89.50011
42.8751	89.56866
42.9001	89.63956
42.9251	89.71276
42.9501	89.78826
42.9751	89.86602
43.0001	89.94602
43.0251	90.02825
43.0501	90.11269
43.0751	90.19933
43.1001	90.28816
43.1251	90.37916
43.1501	90.47235
43.1751	90.56771
43.2001	90.66524
43.2251	90.76494
43.2501	90.86683
43.2751	90.97091
43.3001	91.07718
43.3251	91.18567
43.3501	91.29638
43.3751	91.40935
43.4001	91.52458
43.4251	91.6421
43.4501	91.76195
43.4751	91.88415
43.5001	92.00873
43.5251	92.13574
43.5501	92.26522
43.5751	92.3972
43.6001	92.53175
43.6251	92.66891
43.6501	92.80875
43.6751	92.95131
43.7001	93.09668
43.7251	93.24492
43.7501	93.39612
43.7751	93.55034
43.8001	93.70769
43.8251	93.86826
43.8501	94.03215
43.8751	94.19947
43.9001	94.37033
43.9251	94.54487
43.9501	94.7232
43.9751	94.90549
44.0001	95.09188
44.0251	95.28253
44.0501	95.47761
44.0751	95.67732
44.1001	95.88185
44.1251	96.09142
44.1501	96.30625
44.1751	96.5266
44.2001	96.75271
44.2251	96.98488
44.2501	97.2234
44.2751	97.4686
44.3001	97.72082
44.3251	97.98044
44.3501	98.24786
44.3751	98.52352
44.4001	98.80787
44.4251	99.10143
44.4501	99.40472
44.4751	99.71835
44.5001	100.04295
44.5251	100.3792
44.5501	100.72784
44.5751	101.08969
44.6001	101.46561
44.6251	101.85658
44.6501	102.26363
44.6751	102.68788
44.7001	103.13062
44.7251	103.57914
44.7501	103.98577
44.7751	104.18649
44.8001	104.72215
44.8251	105.28445
44.8501	105.87559
44.8751	106.49797
44.9001	107.1593
44.9251	107.92807
44.9501	108.73162
44.9751	109.51006
45.0001	110.33654
45.0251	111.21566
45.0501	112.15264
45.0751	113.15331
45.1001	114.2243
45.1251	115.37311
45.1501	116.60826
45.1751	117.93948
45.2001	119.37793
45.2251	120.93642
45.2501	122.62979
45.2751	124.50341
45.3001	126.68599
45.3251	128.89988
45.3501	131.33647
45.3751	134.02821
45.4001	137.01366
45.4251	140.33895
45.4501	144.05964
45.4751	148.24312
45.5001	152.97174
45.5251	158.34698
45.5501	164.49507
45.5751	171.58049
45.6001	179.88339
45.6251	189.54242
45.6501	200.87291
45.6751	214.37415
45.7001	230.64527
45.7251	250.52198
45.7501	275.23774
45.7751	306.77894
45.8001	348.6858
45.8251	407.73846
45.8501	496.98453
45.8751	639.8101
45.9001	872.5215
45.9251	1239.769
45.9501	1776.16936
45.9751	2470.51826
46.0001	3213.77368
46.0251	3766.73793
46.0501	3890.19652
46.0751	3630.56891
46.1001	3262.94617
46.1251	2955.94586
46.1501	2677.73666
46.1751	2320.99059
46.2001	1875.58551
46.2251	1430.52253
46.2501	1057.95976
46.2751	780.37851
46.3001	589.49205
46.3251	464.3921
46.3501	383.23553
46.3751	329.09393
46.4001	291.03222
46.4251	262.74083
46.4501	240.74996
46.4751	223.12017
46.5001	208.70763
46.5251	196.74296
46.5501	186.67408
46.5751	178.13427
46.6001	170.83064
46.6251	164.53895
46.6501	159.11918
46.6751	154.46193
46.7001	150.2823
46.7251	146.5959
46.7501	143.3295
46.7751	140.4237
46.8001	137.87519
46.8251	135.68861
46.8501	133.59628
46.8751	131.70865
46.9001	130.00088
46.9251	128.45177
46.9501	127.04319
46.9751	125.75949
47.0001	124.60117
47.0251	123.69407
47.0501	122.72248
47.0751	121.82156
47.1001	120.99325
47.1251	120.23065
47.1501	119.52762
47.1751	118.87876
47.2001	118.27923
47.2251	117.72474
47.2501	117.21145
47.2751	116.73593
47.3001	116.29529
47.3251	115.91225
47.3501	115.65642
47.3751	115.30545
47.4001	114.97957
47.4251	114.67692
47.4501	114.39581
47.4751	114.1347
47.5001	113.89219
47.5251	113.66698
47.5501	113.45791
47.5751	113.2639
47.6001	113.08397
47.6251	112.9172
47.6501	112.76277
47.6751	112.6199
47.7001	112.48789
47.7251	112.36608
47.7501	112.25386
47.7751	112.15069
47.8001	112.05603
47.8251	111.96941
47.8501	111.89039
47.8751	111.81855
47.9001	111.7535
47.9251	111.69489
47.9501	111.64239
47.9751	111.59568
48.0001	111.55449
48.0251	111.51853
48.0501	111.48755
48.0751	111.46134
48.1001	111.43965
48.1251	111.4223
48.1501	111.4091
48.1751	111.39986
48.2001	111.39441
48.2251	111.39341
48.2501	111.41272
48.2751	111.43861
48.3001	111.44731
48.3251	111.45915
48.3501	111.47401
48.3751	111.49179
48.4001	111.5124
48.4251	111.53576
48.4501	111.56178
48.4751	111.59039
48.5001	111.62153
48.5251	111.65513
48.5501	111.70267
48.5751	111.9043
48.6001	111.95765
48.6251	112.00243
48.6501	112.04947
48.6751	112.09873
48.7001	112.1502
48.7251	112.20385
48.7501	112.25966
48.7751	112.31761
48.8001	112.3777
48.8251	112.43991
48.8501	112.50426
48.8751	112.57074
48.9001	112.63935
48.9251	112.71011
48.9501	112.785
48.9751	112.94076
49.0001	113.12605
49.0251	113.20697
49.0501	113.29016
49.0751	113.37565
49.1001	113.46349
49.1251	113.55372
49.1501	113.64639
49.1751	113.74154
49.2001	113.83924
49.2251	113.93955
49.2501	114.04254
49.2751	114.14827
49.3001	114.25683
49.3251	114.36831
49.3501	114.48278
49.3751	114.60035
49.4001	114.72113
49.4251	114.84522
49.4501	114.97273
49.4751	115.1038
49.5001	115.23856
49.5251	115.37715
49.5501	115.51972
49.5751	115.66644
49.6001	115.81746
49.6251	115.97299
49.6501	116.1332
49.6751	116.29832
49.7001	116.46854
49.7251	116.64412
49.7501	116.8253
49.7751	117.01234
49.8001	117.20553
49.8251	117.40516
49.8501	117.61157
49.8751	117.82509
49.9001	118.04608
49.9251	118.27495
49.9501	118.5121
49.9751	118.75799
50.0001	119.0131
50.0251	119.27794
50.0501	119.55306
50.0751	119.83905
50.1001	120.13656
50.1251	120.44626
50.1501	120.76891
50.1751	121.10528
50.2001	121.45625
50.2251	121.82275
50.2501	122.20578
50.2751	122.60643
50.3001	123.02589
50.3251	123.46544
50.3501	123.9265
50.3751	124.41059
50.4001	124.91938
50.4251	125.45471
50.4501	126.01858
50.4751	126.61319
50.5001	127.24097
50.5251	127.90459
50.5501	128.60702
50.5751	129.35154
50.6001	130.14178
50.6251	130.98181
50.6501	131.87614
50.6751	132.82986
50.7001	133.84865
50.7251	134.93895
50.7501	136.11524
50.7751	137.51806
50.8001	138.90424
50.8251	140.36556
50.8501	141.9463
50.8751	143.66066
50.9001	145.5251
50.9251	147.55879
50.9501	149.78416
50.9751	152.22768
51.0001	154.92071
51.0251	157.89608
51.0501	161.14951
51.0751	164.62934
51.1001	168.78384
51.1251	173.47384
51.1501	178.80193
51.1751	184.89745
51.2001	191.92547
51.2251	200.09986
51.2501	209.70325
51.2751	221.12108
51.3001	234.90751
51.3251	251.92688
51.3501	273.66495
51.3751	302.87495
51.4001	344.74556
51.4251	408.56055
51.4501	509.09597
51.4751	665.83467
51.5001	897.41045
51.5251	1209.65835
51.5501	1577.03192
51.5751	1920.3019
51.6001	2113.93908
51.6251	2089.2327
51.6501	1927.67923
51.6751	1761.11716
51.7001	1651.683
51.7251	1578.90385
51.7501	1484.65478
51.7751	1349.65077
51.8001	1218.97966
51.8251	1153.70544
51.8501	1199.66706
51.8751	1383.57885
51.9001	1706.1694
51.9251	2124.78906
51.9501	2529.02146
51.9751	2751.7486
52.0001	2700.53607
52.0251	2476.68582
52.0501	2248.56766
52.0751	2098.12675
52.1001	2003.30199
52.1251	1892.93965
52.1501	1743.16257
52.1751	1612.43386
52.2001	1574.73707
52.2251	1667.21989
52.2501	1875.75159
52.2751	2123.38134
52.3001	2275.64475
52.3251	2230.78043
52.3501	2035.85968
52.3751	1820.05904
52.4001	1659.84024
52.4251	1547.21888
52.4501	1421.50442
52.4751	1239.37473
52.5001	1021.36854
52.5251	811.93205
52.5501	638.50497
52.5751	508.45143
52.6001	417.42574
52.6251	356.21277
52.6501	315.32818
52.6751	287.34935
52.7001	267.36928
52.7251	252.47382
52.7501	241.0207
52.7751	232.08388
52.8001	225.11913
52.8251	219.78939
52.8501	215.88048
52.8751	213.26205
52.9001	211.87074
52.9251	211.70666
52.9501	212.84343
52.9751	215.46167
53.0001	219.92969
53.0251	226.97254
53.0501	237.97306
53.0751	255.3882
53.1001	283.08097
53.1251	326.08851
53.1501	389.20548
53.1751	474.0186
53.2001	574.35984
53.2251	670.7853
53.2501	731.8077
53.2751	738.69239
53.3001	710.98374
53.3251	684.8014
53.3501	682.19545
53.3751	707.0901
53.4001	755.60793
53.4251	835.1686
53.4501	974.47241
53.4751	1206.65335
53.5001	1544.23086
53.5251	1956.46795
53.5501	2345.49687
53.5751	2556.90148
53.6001	2502.70796
53.6251	2275.4918
53.6501	2035.42277
53.6751	1865.82472
53.7001	1750.92862
53.7251	1615.35567
53.7501	1407.10685
53.7751	1150.81223
53.8001	901.17948
53.8251	692.62842
53.8501	535.30114
53.8751	424.83997
53.9001	350.57648
53.9251	301.14872
53.9501	267.46939
53.9751	243.4278
54.0001	225.347
54.0251	211.13582
54.0501	199.60597
54.0751	190.04857
54.1001	182.00725
54.1251	175.16553
54.1501	169.29143
54.1751	164.20886
54.2001	159.78113
54.2251	155.90056
54.2501	152.48128
54.2751	149.45419
54.3001	146.76314
54.3251	144.36215
54.3501	142.21333
54.3751	140.28521
54.4001	138.55155
54.4251	136.99032
54.4501	135.58298
54.4751	134.31386
54.5001	133.16969
54.5251	132.13923
54.5501	131.21294
54.5751	130.38273
54.6001	129.6418
54.6251	128.98444
54.6501	128.40593
54.6751	127.90239
54.7001	127.47075
54.7251	127.10867
54.7501	126.81448
54.7751	126.58716
54.8001	126.42633
54.8251	126.33222
54.8501	126.3057
54.8751	126.34829
54.9001	126.46221
54.9251	126.65038
54.9501	126.91657
54.9751	127.2654
55.0001	127.70251
55.0251	128.23466
55.0501	128.86992
55.0751	129.61785
55.1001	130.4898
55.1251	131.49919
55.1501	132.66192
55.1751	133.9969
55.2001	135.52663
55.2251	137.27802
55.2501	139.2834
55.2751	141.58183
55.3001	144.23608
55.3251	147.44966
55.3501	150.95858
55.3751	155.0266
55.4001	159.76533
55.4251	165.31623
55.4501	171.86071
55.4751	179.63479
55.5001	188.95193
55.5251	200.2426
55.5501	214.13194
55.5751	231.6054
55.6001	254.36536
55.6251	285.54904
55.6501	330.98948
55.6751	400.9719
55.7001	511.73202
55.7251	684.8237
55.7501	941.80674
55.7751	1292.61239
55.8001	1717.50024
55.8251	2143.49109
55.8501	2435.61781
55.8751	2474.71761
55.9001	2294.76578
55.9251	2048.16153
55.9501	1852.47422
55.9751	1733.36039
56.0001	1639.65452
56.0251	1495.45909
56.0501	1278.03255
56.0751	1029.52309
56.1001	798.86665
56.1251	611.34164
56.1501	472.14979
56.1751	375.25592
56.2001	310.20983
56.2251	266.71168
56.2501	236.81807
56.2751	215.28122
56.3001	198.95985
56.3251	186.06026
56.3501	175.55292
56.3751	166.81609
56.4001	159.44504
56.4251	153.15669
56.4501	147.74235
56.4751	143.04281
56.5001	138.93402
56.5251	135.31789
56.5501	132.11597
56.5751	129.26489
56.6001	126.71298
56.6251	124.41781
56.6501	122.34425
56.6751	120.463
56.7001	118.74948
56.7251	117.18296
56.7501	115.7458
56.7751	114.42297
56.8001	113.20017
56.8251	112.03053
56.8501	110.87504
56.8751	109.89843
56.9001	108.98684
56.9251	108.13388
56.9501	107.33395
56.9751	106.58209
57.0001	105.87392
57.0251	105.20555
57.0501	104.57354
57.0751	103.97478
57.1001	103.40654
57.1251	102.86632
57.1501	102.35192
57.1751	101.86132
57.2001	101.38253
57.2251	100.9556
57.2501	100.51837
57.2751	100.11008
57.3001	99.71808
57.3251	99.34128
57.3501	98.97864
57.3751	98.62924
57.4001	98.29222
57.4251	97.9668
57.4501	97.65225
57.4751	97.34793
57.5001	97.05321
57.5251	96.76731
57.5501	96.4642
57.5751	96.07325
57.6001	95.81319
57.6251	95.56029
57.6501	95.31418
57.6751	95.07451
57.7001	94.84093
57.7251	94.61316
57.7501	94.39089
57.7751	94.17387
57.8001	93.96185
57.8251	93.75459
57.8501	93.55187
57.8751	93.35351
57.9001	93.15929
57.9251	92.96906
57.9501	92.78263
57.9751	92.59986
58.0001	92.4206
58.0251	92.24471
58.0501	92.08661
58.0751	91.97036
58.1001	91.80429
58.1251	91.64113
58.1501	91.48077
58.1751	91.32312
58.2001	91.16808
58.2251	91.01557
58.2501	90.86409
58.2751	90.67704
58.3001	90.42402
58.3251	90.282
58.3501	90.14214
58.3751	90.0044
58.4001	89.8687
58.4251	89.735
58.4501	89.60326
58.4751	89.47342
58.5001	89.34544
58.5251	89.21713
58.5501	89.06208
58.5751	88.93389
58.6001	88.81333
58.6251	88.69444
58.6501	88.56313
58.6751	88.3528
58.7001	88.15657
58.7251	88.0455
58.7501	87.93596
58.7751	87.82792
58.8001	87.72137
58.8251	87.61628
58.8501	87.51194
58.8751	87.36361
58.9001	87.12623
58.9251	87.02862
58.9501	86.93237
58.9751	86.83749
59.0001	86.73024
59.0251	86.50017
59.0501	86.41045
59.0751	86.32205
59.1001	86.23497
59.1251	86.14921
59.1501	86.06476
59.1751	85.98163
59.2001	85.8998
59.2251	85.81929
59.2501	85.7401
59.2751	85.66223
59.3001	85.58568
59.3251	85.51046
59.3501	85.43657
59.3751	85.36403
59.4001	85.29283
59.4251	85.223
59.4501	85.15454
59.4751	85.08745
59.5001	85.02176
59.5251	84.95747
59.5501	84.89461
59.5751	84.83318
59.6001	84.77321
59.6251	84.75708
59.6501	84.74037
59.6751	84.68542
59.7001	84.63201
59.7251	84.58016
59.7501	84.5299
59.7751	84.48125
59.8001	84.43424
59.8251	84.3889
59.8501	84.34526
59.8751	84.30335
59.9001	84.2632
59.9251	84.22487
59.9501	84.18837
59.9751	84.15362
60.0001	84.12625
60.0251	84.11753
60.0501	84.08971
60.0751	84.06396
60.1001	84.04033
60.1251	84.01889
60.1501	83.99968
60.1751	83.98277
60.2001	83.96822
60.2251	83.95611
60.2501	83.9465
60.2751	83.93947
60.3001	83.93511
60.3251	83.9293
60.3501	83.83835
60.3751	83.7518
60.4001	83.76035
60.4251	83.77203
60.4501	83.78694
60.4751	83.80521
60.5001	83.82696
60.5251	83.85233
60.5501	83.88146
60.5751	83.9145
60.6001	83.95162
60.6251	83.99297
60.6501	84.03875
60.6751	84.08914
60.7001	84.14436
60.7251	84.20462
60.7501	84.27016
60.7751	84.34123
60.8001	84.41809
60.8251	84.50104
60.8501	84.59038
60.8751	84.68644
60.9001	84.78957
60.9251	84.90015
60.9501	85.01859
60.9751	85.14533
61.0001	85.28084
61.0251	85.42564
61.0501	85.58027
61.0751	85.74534
61.1001	85.92148
61.1251	86.10941
61.1501	86.30988
61.1751	86.52371
61.2001	86.75182
61.2251	86.99505
61.2501	87.21815
61.2751	87.34782
61.3001	87.64554
61.3251	87.96344
61.3501	88.30307
61.3751	88.66615
61.4001	89.05456
61.4251	89.47041
61.4501	89.916
61.4751	90.39392
61.5001	90.90703
61.5251	91.45854
61.5501	92.05202
61.5751	92.6915
61.6001	93.39581
61.6251	94.20817
61.6501	95.01587
61.6751	95.89152
61.7001	96.84257
61.7251	97.87756
61.7501	99.00626
61.7751	100.23994
61.8001	101.59162
61.8251	103.07642
61.8501	104.71201
61.8751	106.51908
61.9001	108.52202
61.9251	110.74974
61.9501	113.23673
61.9751	116.02436
62.0001	119.16261
62.0251	122.71232
62.0501	126.74814
62.0751	131.36241
62.1001	136.67046
62.1251	142.81784
62.1501	149.99067
62.1751	158.43112
62.2001	168.46338
62.2251	180.54193
62.2501	195.35014
62.2751	214.00619
62.3001	238.47604
62.3251	272.32294
62.3501	321.86236
62.3751	397.50521
62.4001	514.47473
62.4251	691.39075
62.4501	945.10468
62.4751	1281.14865
62.5001	1680.12642
62.5251	2080.4508
62.5501	2370.03963
62.5751	2438.19485
62.6001	2287.89392
62.6251	2039.93645
62.6501	1815.67077
62.6751	1672.43948
62.7001	1603.17932
62.7251	1551.24278
62.7501	1447.10483
62.7751	1267.11501
62.8001	1045.09359
62.8251	826.56958
62.8501	639.46631
62.8751	493.66439
62.9001	387.60683
62.9251	313.97354
62.9501	263.90877
62.9751	229.61781
63.0001	205.3724
63.0251	187.44013
63.0501	173.5671
63.0751	162.43642
63.1001	153.26999
63.1251	145.58483
63.1501	139.05965
63.1751	133.46605
63.2001	128.63333
63.2251	124.4297
63.2501	120.75126
63.2751	117.51493
63.3001	114.65357
63.3251	112.11243
63.3501	109.84649
63.3751	107.81844
63.4001	105.9972
63.4251	104.35664
63.4501	102.87471
63.4751	101.53272
63.5001	100.31467
63.5251	99.20687
63.5501	98.19753
63.5751	97.27644
63.6001	96.43474
63.6251	95.66471
63.6501	94.95962
63.6751	94.31354
63.7001	93.72128
63.7251	93.17824
63.7501	92.68038
63.7751	92.22412
63.8001	91.80629
63.8251	91.42405
63.8501	91.07492
63.8751	90.75666
63.9001	90.4673
63.9251	90.20508
63.9501	89.96844
63.9751	89.75603
64.0001	89.5666
64.0251	89.39912
64.0501	89.25265
64.0751	89.12685
64.1001	89.14798
64.1251	89.06104
64.1501	88.99263
64.1751	88.94238
64.2001	88.91004
64.2251	88.89546
64.2501	88.89858
64.2751	88.91946
64.3001	88.95825
64.3251	89.0153
64.3501	89.11767
64.3751	89.21236
64.4001	89.32671
64.4251	89.46149
64.4501	89.61762
64.4751	89.79619
64.5001	89.99848
64.5251	90.22601
64.5501	90.48051
64.5751	90.76403
64.6001	91.07891
64.6251	91.42789
64.6501	91.81413
64.6751	92.2413
64.7001	92.71369
64.7251	93.23628
64.7501	93.81492
64.7751	94.45646
64.8001	95.16901
64.8251	95.96215
64.8501	96.8473
64.8751	97.83816
64.9001	98.95122
64.9251	100.20648
64.9501	101.62842
64.9751	103.24715
65.0001	105.10013
65.0251	107.23437
65.0501	109.70959
65.0751	112.61538
65.1001	116.0743
65.1251	120.15142
65.1501	125.1018
65.1751	131.26355
65.2001	139.2199
65.2251	150.01251
65.2501	165.47628
65.2751	188.65306
65.3001	224.08755
65.3251	277.62927
65.3501	355.15717
65.3751	460.02072
65.4001	589.48879
65.4251	729.72805
65.4501	851.04262
65.4751	913.16635
65.5001	895.15836
65.5251	820.2537
65.5501	732.54783
65.5751	663.86161
65.6001	625.17047
65.6251	609.11468
65.6501	594.78916
65.6751	560.11452
65.7001	499.39185
65.7251	424.59516
65.7501	350.66391
65.7751	286.80686
65.8001	236.4875
65.8251	199.44432
65.8501	173.45259
65.8751	155.6687
65.9001	143.4961
65.9251	134.96257
65.9501	128.74369
65.9751	124.01959
66.0001	120.30372
66.0251	117.30794
66.0501	114.85528
66.0751	112.83028
66.1001	111.1525
66.1251	109.76289
66.1501	108.61706
66.1751	107.80497
66.2001	107.0498
66.2251	106.4548
66.2501	106.00336
66.2751	105.68268
66.3001	105.48312
66.3251	105.39773
66.3501	105.42197
66.3751	105.55343
66.4001	105.79175
66.4251	106.16143
66.4501	106.62436
66.4751	107.20178
66.5001	107.90561
66.5251	108.74687
66.5501	109.73973
66.5751	110.90219
66.6001	112.25683
66.6251	113.83195
66.6501	115.66303
66.6751	117.79471
66.7001	120.28351
66.7251	123.20177
66.7501	126.64356
66.7751	130.73482
66.8001	135.65217
66.8251	141.6609
66.8501	149.19205
66.8751	158.99198
66.9001	172.38551
66.9251	191.67317
66.9501	220.59538
66.9751	264.61787
67.0001	330.57831
67.0251	425.16887
67.0501	551.99407
67.0751	707.33282
67.1001	874.67715
67.1251	1019.41449
67.1501	1094.7377
67.1751	1075.29694
67.2001	986.45194
67.2251	879.31293
67.2501	792.6831
67.2751	741.9446
67.3001	721.60439
67.3251	709.65138
67.3501	678.53907
67.3751	615.26081
67.4001	529.56735
67.4251	439.63497
67.4501	358.70301
67.4751	292.71821
67.5001	242.75693
67.5251	206.90786
67.5501	182.01939
67.5751	164.89305
67.6001	152.92168
67.6251	144.25891
67.6501	137.71673
67.6751	132.57421
67.7001	128.4027
67.7251	124.94257
67.7501	122.02839
67.7751	119.54761
67.8001	117.41881
67.8251	115.58029
67.8501	113.98389
67.8751	112.59125
67.9001	111.37144
67.9251	110.29921
67.9501	109.35385
67.9751	108.51815
68.0001	107.77779
68.0251	107.12074
68.0501	106.53681
68.0751	106.01739
68.1001	105.55508
68.1251	105.14357
68.1501	104.77738
68.1751	104.45178
68.2001	104.16267
68.2251	103.90646
68.2501	103.67635
68.2751	103.29409
68.3001	103.12081
68.3251	102.96989
68.3501	102.83941
68.3751	102.72766
68.4001	102.63313
68.4251	102.55444
68.4501	102.49037
68.4751	102.43984
68.5001	102.40184
68.5251	102.37549
68.5501	102.35997
68.5751	102.35456
68.6001	102.35859
68.6251	102.37146
68.6501	102.39262
68.6751	102.42157
68.7001	102.45785
68.7251	102.50104
68.7501	102.55076
68.7751	102.60666
68.8001	102.66842
68.8251	102.73575
68.8501	102.80837
68.8751	102.88603
68.9001	102.96852
68.9251	103.05561
68.9501	103.14712
68.9751	103.24287
69.0001	103.34269
69.0251	103.44645
69.0501	103.55399
69.0751	103.66603
69.1001	103.85342
69.1251	103.97208
69.1501	104.09409
69.1751	104.21938
69.2001	104.34786
69.2251	104.47947
69.2501	104.61413
69.2751	104.78654
69.3001	104.92745
69.3251	105.07128
69.3501	105.218
69.3751	105.36758
69.4001	105.51998
69.4251	105.6752
69.4501	105.83322
69.4751	105.99403
69.5001	106.15764
69.5251	106.32405
69.5501	106.49327
69.5751	106.74062
69.6001	107.00942
69.6251	107.1882
69.6501	107.36989
69.6751	107.55453
69.7001	107.74217
69.7251	107.93284
69.7501	108.12662
69.7751	108.32355
69.8001	108.51999
69.8251	108.53699
69.8501	108.74514
69.8751	108.95676
69.9001	109.17195
69.9251	109.3908
69.9501	109.61343
69.9751	109.83998
70.0001	110.07057
70.0251	110.30535
70.0501	110.54447
70.0751	110.78811
70.1001	111.03645
70.1251	111.28968
70.1501	111.54801
70.1751	111.81167
70.2001	112.08089
70.2251	112.35595
70.2501	112.63712
70.2751	112.9247
70.3001	113.21902
70.3251	113.52043
70.3501	113.82931
70.3751	114.14606
70.4001	114.47113
70.4251	114.80499
70.4501	115.14816
70.4751	115.5012
70.5001	115.8647
70.5251	116.23933
70.5501	116.62579
70.5751	117.02487
70.6001	117.43741
70.6251	117.86432
70.6501	118.30662
70.6751	118.7654
70.7001	119.24187
70.7251	119.73735
70.7501	120.25331
70.7751	120.79133
70.8001	121.35319
70.8251	121.94085
70.8501	122.55646
70.8751	123.20245
70.9001	123.88149
70.9251	124.59658
70.9501	125.35105
70.9751	126.14866
71.0001	126.99363
71.0251	127.89073
71.0501	128.84536
71.0751	129.86362
71.1001	130.95251
71.1251	132.11999
71.1501	133.37523
71.1751	134.72878
71.2001	136.19287
71.2251	137.7817
71.2501	139.51189
71.2751	141.41339
71.3001	143.55027
71.3251	145.79952
71.3501	148.30261
71.3751	151.11749
71.4001	154.26356
71.4251	157.7992
71.4501	161.79634
71.4751	166.34465
71.5001	171.55742
71.5251	177.58098
71.5501	184.61091
71.5751	192.92289
71.6001	202.93366
71.6251	215.31985
71.6501	231.23659
71.6751	252.67997
71.7001	283.00121
71.7251	327.46674
71.7501	393.55457
71.7751	490.4692
71.8001	627.37295
71.8251	809.3463
71.8501	1033.2889
71.8751	1281.06498
71.9001	1512.74715
71.9251	1667.69936
71.9501	1695.26024
71.9751	1602.90923
72.0001	1452.85393
72.0251	1311.51818
72.0501	1219.86351
72.0751	1190.99605
72.1001	1213.41951
72.1251	1254.79868
72.1501	1273.19533
72.1751	1239.78279
72.2001	1151.85395
72.2251	1024.01098
72.2501	879.06835
72.2751	741.21559
72.3001	627.31638
72.3251	543.97248
72.3501	489.5816
72.3751	456.94055
72.4001	435.36888
72.4251	413.95692
72.4501	386.66786
72.4751	354.51689
72.5001	321.89281
72.5251	292.52125
72.5501	268.41117
72.5751	250.04357
72.6001	237.1325
72.6251	228.91637
72.6501	224.56431
72.6751	223.43886
72.7001	225.26706
72.7251	230.27325
72.7501	239.33194
72.7751	254.15651
72.8001	277.45333
72.8251	312.86304
72.8501	364.44349
72.8751	435.50667
72.9001	526.7797
72.9251	634.15581
72.9501	745.81818
72.9751	840.08048
73.0001	890.93426
73.0251	887.30278
73.0501	846.95517
73.0751	802.9202
73.1001	783.46755
73.1251	805.26037
73.1501	872.58377
73.1751	977.04614
73.2001	1097.18129
73.2251	1202.04143
73.2501	1259.3172
73.2751	1245.21279
73.3001	1159.67004
73.3251	1032.30969
73.3501	902.03428
73.3751	796.23429
73.4001	726.32429
73.4251	690.17942
73.4501	674.79751
73.4751	659.95338
73.5001	627.28887
73.5251	571.93039
73.5501	502.78182
73.5751	432.03653
73.6001	368.177
73.6251	315.23438
73.6501	274.0319
73.6751	243.43482
73.7001	221.37677
73.7251	205.63052
73.7501	194.27007
73.7751	185.84595
73.8001	179.36796
73.8251	174.20206
73.8501	169.9556
73.8751	166.38557
73.9001	163.33691
73.9251	160.70531
73.9501	158.41632
73.9751	156.41398
74.0001	154.6547
74.0251	153.1036
74.0501	151.73242
74.0751	150.51796
74.1001	149.44107
74.1251	148.48585
74.1501	147.63904
74.1751	146.88954
74.2001	146.2281
74.2251	145.64697
74.2501	145.13969
74.2751	144.70095
74.3001	144.32641
74.3251	144.02084
74.3501	143.77892
74.3751	143.57962
74.4001	143.43537
74.4251	143.3457
74.4501	143.31088
74.4751	143.33193
74.5001	143.41067
74.5251	143.54983
74.5501	143.75315
74.5751	144.02553
74.6001	144.37326
74.6251	144.80428
74.6501	145.32857
74.6751	145.94379
74.7001	146.62824
74.7251	147.52101
74.7501	148.57954
74.7751	149.83584
74.8001	151.33229
74.8251	153.16458
74.8501	155.34761
74.8751	158.04925
74.9001	161.49831
74.9251	166.08124
74.9501	172.45261
74.9751	181.71071
75.0001	195.29806
75.0251	215.33499
75.0501	244.15502
75.0751	283.77963
75.1001	334.97793
75.1251	396.03361
75.1501	461.23488
75.1751	519.39478
75.2001	554.98819
75.2251	556.62891
75.2501	527.75413
75.2751	484.05863
75.3001	441.53458
75.3251	410.03846
75.3501	392.93875
75.3751	388.06678
75.4001	388.57534
75.4251	384.91979
75.4501	369.71769
75.4751	342.60619
75.5001	308.96475
75.5251	274.83149
75.5501	244.1913
75.5751	218.90096
75.6001	199.3126
75.6251	184.86094
75.6501	174.56406
75.6751	167.30999
75.7001	162.18571
75.7251	158.48621
75.7501	155.72683
75.7751	153.59575
75.8001	151.89967
75.8251	150.51969
75.8501	149.38093
75.8751	148.434
75.9001	147.6444
75.9251	146.98672
75.9501	146.44155
75.9751	145.99364
76.0001	145.63081
76.0251	145.34331
76.0501	145.12326
76.0751	144.96431
76.1001	144.86136
76.1251	144.81034
76.1501	144.80807
76.1751	144.8521
76.2001	144.94064
76.2251	145.07249
76.2501	145.24693
76.2751	145.46378
76.3001	145.72328
76.3251	146.02613
76.3501	146.37349
76.3751	146.76693
76.4001	147.20855
76.4251	147.7009
76.4501	148.24711
76.4751	148.85089
76.5001	149.51663
76.5251	150.24949
76.5501	151.05546
76.5751	151.94158
76.6001	152.91605
76.6251	153.98844
76.6501	155.16997
76.6751	156.47384
76.7001	157.9156
76.7251	159.51371
76.7501	161.29014
76.7751	163.27127
76.8001	165.48893
76.8251	167.98187
76.8501	170.79775
76.8751	173.99602
76.9001	177.65251
76.9251	181.86733
76.9501	186.77961
76.9751	192.59573
77.0001	199.64237
77.0251	208.46079
77.0501	219.95937
77.0751	235.62856
77.1001	257.78426
77.1251	289.73485
77.1501	335.68406
77.1751	400.1419
77.2001	486.69033
77.2251	596.1295
77.2501	724.13049
77.2751	858.40928
77.3001	976.24662
77.3251	1047.53801
77.3501	1051.62611
77.3751	996.48033
77.4001	912.67727
77.4251	831.3325
77.4501	772.27451
77.4751	743.30964
77.5001	742.03259
77.5251	757.38474
77.5501	772.54474
77.5751	772.71405
77.6001	755.77596
77.6251	734.36713
77.6501	727.62647
77.6751	753.99951
77.7001	828.79118
77.7251	962.73727
77.7501	1159.35431
77.7751	1410.96077
77.8001	1693.45242
77.8251	1960.46598
77.8501	2144.77194
77.8751	2186.24899
77.9001	2080.0406
77.9251	1883.69329
77.9501	1671.17546
77.9751	1495.95335
78.0001	1383.68643
78.0251	1335.70407
78.0501	1332.3509
78.0751	1337.15072
78.1001	1308.54104
78.1251	1222.61863
78.1501	1087.16213
78.1751	928.84666
78.2001	772.57422
78.2251	633.87462
78.2501	519.66337
78.2751	430.86378
78.3001	364.75646
78.3251	316.91903
78.3501	282.67828
78.3751	257.98167
78.4001	239.73687
78.4251	225.76493
78.4501	214.70775
78.4751	205.65635
78.5001	198.05708
78.5251	191.55879
78.5501	185.92849
78.5751	181.00281
78.6001	176.66092
78.6251	172.80959
78.6501	169.37468
78.6751	166.29613
78.7001	163.52458
78.7251	161.0191
78.7501	158.7455
78.7751	156.675
78.8001	154.78323
78.8251	153.04947
78.8501	151.45597
78.8751	149.9875
78.9001	148.6309
78.9251	147.37473
78.9501	146.20909
78.9751	145.12529
79.0001	144.11574
79.0251	143.17374
79.0501	142.29342
79.0751	141.46958
79.1001	140.69761
79.1251	139.97343
79.1501	139.29342
79.1751	138.65435
79.2001	138.05337
79.2251	137.48793
79.2501	136.94238
79.2751	136.39927
79.3001	135.92829
79.3251	135.48521
79.3501	135.06866
79.3751	134.67743
79.4001	134.31049
79.4251	133.96696
79.4501	133.64611
79.4751	133.34733
79.5001	133.07019
79.5251	132.81436
79.5501	132.51365
79.5751	132.3006
79.6001	132.10876
79.6251	131.93838
79.6501	131.78987
79.6751	131.66383
79.7001	131.56105
79.7251	131.48252
79.7501	131.42946
79.7751	131.39613
79.8001	131.27866
79.8251	131.31313
79.8501	131.38112
79.8751	131.48572
79.9001	131.63057
79.9251	131.82004
79.9501	132.05934
79.9751	132.35472
80.0001	132.7137
80.0251	133.1454
80.0501	133.66094
80.0751	134.27077
80.1001	134.97505
80.1251	135.83975
80.1501	136.87048
80.1751	138.10842
80.2001	139.61513
80.2251	141.48817
80.2501	143.88779
80.2751	147.0785
80.3001	151.48559
80.3251	157.75642
80.3501	166.79985
80.3751	179.75805
80.4001	197.85689
80.4251	222.099
80.4501	252.80587
80.4751	289.04294
80.5001	327.93408
80.5251	363.96243
80.5501	389.1937
80.5751	396.54844
80.6001	385.33071
80.6251	362.2623
80.6501	336.38455
80.6751	314.61231
80.7001	300.67385
80.7251	295.47618
80.7501	297.54115
80.7751	303.39376
80.8001	308.46199
80.8251	309.28966
80.8501	306.11874
80.8751	302.95616
80.9001	305.1866
80.9251	317.53733
80.9501	343.25601
80.9751	383.5678
81.0001	436.84057
81.0251	497.7667
81.0501	556.28629
81.0751	597.91601
81.1001	609.13308
81.1251	587.18938
81.1501	542.90807
81.1751	492.16239
81.2001	447.54979
81.2251	416.00708
81.2501	399.59436
81.2751	395.82214
81.3001	398.48537
81.3251	398.79353
81.3501	388.68658
81.3751	365.41564
81.4001	332.4951
81.4251	295.92424
81.4501	260.65114
81.4751	229.61037
81.5001	204.05471
81.5251	184.07426
81.5501	169.0504
81.5751	158.03391
81.6001	149.9947
81.6251	144.13329
81.6501	139.74231
81.6751	136.34479
81.7001	133.62282
81.7251	131.37255
81.7501	129.46509
81.7751	127.81792
81.8001	126.37631
81.8251	125.1021
81.8501	123.96725
81.8751	122.95022
81.9001	122.03397
81.9251	121.20468
81.9501	120.45098
81.9751	119.76347
82.0001	119.13428
82.0251	118.55678
82.0501	118.02539
82.0751	117.53537
82.1001	117.08269
82.1251	116.6639
82.1501	116.27606
82.1751	115.91665
82.2001	115.58351
82.2251	115.27479
82.2501	114.98893
82.2751	114.72458
82.3001	114.48062
82.3251	114.25613
82.3501	114.05032
82.3751	113.86259
82.4001	113.69247
82.4251	113.53962
82.4501	113.40384
82.4751	113.28505
82.5001	113.18328
82.5251	113.09868
82.5501	113.03153
82.5751	112.98224
82.6001	112.95133
82.6251	112.93946
82.6501	112.94746
82.6751	112.97629
82.7001	113.02709
82.7251	113.1012
82.7501	113.20017
82.7751	113.32579
82.8001	113.4801
82.8251	113.6655
82.8501	113.88468
82.8751	114.14079
82.9001	114.43743
82.9251	114.77876
82.9501	115.1696
82.9751	115.61553
83.0001	116.12303
83.0251	116.6997
83.0501	117.35442
83.0751	118.09767
83.1001	118.94184
83.1251	119.90169
83.1501	120.99489
83.1751	122.24272
83.2001	123.67107
83.2251	125.3117
83.2501	127.20427
83.2751	129.39949
83.3001	131.92929
83.3251	134.95813
83.3501	138.58931
83.3751	143.03978
83.4001	148.66118
83.4251	156.02795
83.4501	166.05934
83.4751	180.16008
83.5001	200.33278
83.5251	229.17609
83.5501	269.65532
83.5751	324.54909
83.6001	395.54867
83.6251	482.07461
83.6501	579.86984
83.6751	679.37425
83.7001	764.54254
83.7251	815.32293
83.7501	817.8139
83.7751	775.63224
83.8001	707.70857
83.8251	635.53884
83.8501	574.68675
83.8751	533.46422
83.9001	513.68007
83.9251	511.56371
83.9501	518.51565
83.9751	522.53659
84.0001	512.27795
84.0251	483.01348
84.0501	438.66952
84.0751	387.44192
84.1001	336.7356
84.1251	291.33465
84.1501	253.64352
84.1751	224.37901
84.2001	203.21896
84.2251	189.36651
84.2501	182.00437
84.2751	180.58765
84.3001	184.93952
84.3251	195.14818
84.3501	211.29608
84.3751	233.07465
84.4001	259.33214
84.4251	287.40113
84.4501	313.286
84.4751	330.89013
84.5001	334.94596
84.5251	324.60354
84.5501	304.36731
84.5751	280.82667
84.6001	259.40112
84.6251	243.33393
84.6501	233.84933
84.6751	230.44873
84.7001	231.11919
84.7251	232.59862
84.7501	231.1645
84.7751	224.27851
84.8001	211.97175
84.8251	196.32488
84.8501	179.80258
84.8751	164.22882
84.9001	150.6364
84.9251	139.43635
84.9501	130.61171
84.9751	123.88538
85.0001	118.86089
85.0251	115.12809
85.0501	112.32777
85.0751	110.17856
85.1001	108.47731
85.1251	107.08586
85.1501	105.91375
85.1751	104.90271
85.2001	104.01495
85.2251	103.22523
85.2501	102.5159
85.2751	101.87399
85.3001	101.28953
85.3251	100.75459
85.3501	100.26271
85.3751	99.80853
85.4001	99.38756
85.4251	98.99599
85.4501	98.6306
85.4751	98.28862
85.5001	97.96766
85.5251	97.66566
85.5501	97.38082
85.5751	97.09973
85.6001	96.7837
85.6251	96.5421
85.6501	96.31242
85.6751	96.0937
85.7001	95.8851
85.7251	95.68585
85.7501	95.49528
85.7751	95.31277
85.8001	95.13776
85.8251	94.96976
85.8501	94.80832
85.8751	94.65302
85.9001	94.50349
85.9251	94.35938
85.9501	94.22039
85.9751	94.08622
86.0001	93.9566
86.0251	93.8313
86.0501	93.71009
86.0751	93.59276
86.1001	93.47912
86.1251	93.36899
86.1501	93.24749
86.1751	92.99119
86.2001	92.89164
86.2251	92.79499
86.2501	92.70112
86.2751	92.6099
86.3001	92.52123
86.3251	92.435
86.3501	92.35111
86.3751	92.26947
86.4001	92.18999
86.4251	92.11259
86.4501	92.03719
86.4751	91.96371
86.5001	91.89209
86.5251	91.82225
86.5501	91.75413
86.5751	91.68768
86.6001	91.62282
86.6251	91.55951
86.6501	91.49768
86.6751	91.4373
86.7001	91.3783
86.7251	91.32064
86.7501	91.26427
86.7751	91.20915
86.8001	91.15524
86.8251	91.10249
86.8501	91.05085
86.8751	91.0003
86.9001	90.95079
86.9251	90.90228
86.9501	90.85474
86.9751	90.80813
87.0001	90.76242
87.0251	90.71757
87.0501	90.67354
87.0751	90.63031
87.1001	90.58784
87.1251	90.5461
87.1501	90.50506
87.1751	90.46468
87.2001	90.42493
87.2251	90.38579
87.2501	90.34722
87.2751	90.3092
87.3001	90.24988
87.3251	90.21302
87.3501	90.17661
87.3751	90.14063
87.4001	90.10504
87.4251	90.06981
87.4501	90.03493
87.4751	90.00035
87.5001	89.96604
87.5251	89.93199
87.5501	89.89816
87.5751	89.86452
87.6001	89.83105
87.6251	89.79771
87.6501	89.76447
87.6751	89.73132
87.7001	89.69821
87.7251	89.66512
87.7501	89.63202
87.7751	89.59888
87.8001	89.56567
87.8251	89.53236
87.8501	89.49903
87.8751	89.42609
87.9001	89.39261
87.9251	89.3589
87.9501	89.32494
87.9751	89.2907
88.0001	89.25615
88.0251	0
88.0501	0
88.0751	0
88.1001	0
88.1251	0
88.1501	0
88.1751	0
88.2001	0
88.2251	0
88.2501	0
88.2751	0
88.3001	0
88.3251	0
88.3501	0
88.3751	0
88.4001	0
88.4251	0
88.4501	0
88.4751	0
88.5001	0
88.5251	0
88.5501	0
88.5751	0
88.6001	0
88.6251	0
88.6501	0
88.6751	0
88.7001	0
88.7251	0
88.7501	0
88.7751	0
88.8001	0
88.8251	0
88.8501	0
88.8751	0
88.9001	0
88.9251	0
88.9501	0
88.9751	0
89.0001	0
89.0251	0
89.0501	0
89.0751	0
89.1001	0
89.1251	0
89.1501	0
89.1751	0
89.2001	0
89.2251	0
89.2501	0
89.2751	0
89.3001	0
89.3251	0
89.3501	0
89.3751	0
89.4001	0
89.4251	0
89.4501	0
89.4751	0
89.5001	0
89.5251	0
89.5501	0
89.5751	0
89.6001	0
89.6251	0
89.6501	0
89.6751	0
89.7001	0
89.7251	0
89.7501	0
89.7751	0
89.8001	0
89.8251	0
89.8501	0
89.8751	0
89.9001	0
89.9251	0
89.9501	0
89.9751	0
90.0001	0