45.8001   127.30512
45.8251   129.09372
45.8501   131.97096
45.8751   135.97175
45.9001   141.25765
45.9251   148.12905
45.9501   157.05895
45.9751   168.77511
46.0001   184.41093
46.0251   205.79659
46.0501   236.07356
46.0751   281.0242
46.1001   351.51302
46.1251   466.03104
46.1501   647.38423
46.1751   896.43966
46.2001   1126.16326
46.2251   1163.37782
46.2501   1009.25139
46.2751   859.91595
46.3001   801.41729
46.3251   784.59866
46.3501   715.40058
46.3751   579.47774
46.4001   441.96125
46.4251   339.25036
46.4501   271.12058
46.4751   227.15355
46.5001   198.01385
46.5251   177.71811
46.5501   162.90946
46.5751   151.72763
46.6001   143.0508
46.6251   136.18413
46.6501   130.65521
46.6751   126.13911
46.7001   122.40321
46.7251   119.30081
46.7501   116.7071
46.7751   114.45366
46.8001   112.51703
46.8251   110.84089
46.8501   109.38096
46.8751   108.10203
46.9001   106.9758
46.9251   105.97933
46.9501   105.09385
46.9751   104.30388
