69.4001   199.76904
69.4251   178.86417
69.4501   168.01927
69.4751   164.80337
69.5001   164.28893
69.5251   164.76612
69.5501   165.90798
69.5751   167.72177
69.6001   170.37602
69.6251   174.22766
69.6501   179.95238
69.6751   188.86756
69.7001   203.767
69.7251   231.87317
69.7501   305.4424
69.7751   577.96336
69.8001   1229.86718
69.8251   1308.18787
69.8501   637.97139
69.8751   333.26317
69.9001   259.5737
69.9251   247.30723
69.9501   279.56674
69.9751   404.77035
70.0001   637.11816
70.0251   692.21541
70.0501   456.61852
70.0751   283.57112
70.1001   216.41111
70.1251   192.78604
70.1501   181.6398
70.1751   175.06357
70.2001   170.86095
70.2251   168.11958
70.2501   166.46006
70.2751   166.04842
70.3001   169.13021
70.3251   181.38372
70.3501   191.07034
70.3751   175.48146
70.4001   164.59859
70.4251   161.35483
70.4501   160.36832
70.4751   160.36035
70.5001   162.05073
70.5251   166.66379
70.5501   170.78228
70.5751   166.62723
