61.5001   146.2775
61.5251   146.30371
61.5501   146.34955
61.5751   146.41368
61.6001   146.48672
61.6251   146.59373
61.6501   146.72556
61.6751   146.88691
61.7001   147.08466
61.7251   147.32883
61.7501   147.63408
61.7751   148.02234
61.8001   148.52744
61.8251   149.20355
61.8501   150.14175
61.8751   151.49967
61.9001   153.59537
61.9251   157.11316
61.9501   163.83619
61.9751   182.21576
62.0001   254.03472
62.0251   418.75208
62.0501   411.4266
62.0751   247.25273
62.1001   184.68217
62.1251   173.26929
62.1501   180.76877
62.1751   216.35625
62.2001   274.38562
62.2251   267.63625
62.2501   205.63241
62.2751   170.40598
62.3001   158.53089
62.3251   154.26043
62.3501   152.08369
62.3751   150.76654
62.4001   149.91365
62.4251   149.34013
62.4501   148.94837
62.4751   148.68401
62.5001   148.51668
62.5251   148.43118
62.5501   148.42416
62.5751   148.50486
