61.0001   105.34957
61.0251   105.33025
61.0501   105.31359
61.0751   105.29972
61.1001   105.28879
61.1251   105.28095
61.1501   105.27638
61.1751   105.27525
61.2001   105.27777
61.2251   105.28415
61.2501   105.29463
61.2751   105.30947
61.3001   105.32896
61.3251   105.35341
61.3501   105.38315
61.3751   105.41858
61.4001   105.46011
61.4251   105.50821
61.4501   105.56337
61.4751   105.62619
61.5001   105.69728
61.5251   105.77737
61.5501   105.86725
61.5751   105.96781
61.6001   106.08007
61.6251   106.20515
61.6501   106.34434
61.6751   106.49913
61.7001   106.67117
61.7251   106.86239
61.7501   107.07499
61.7751   107.31154
61.8001   107.57497
61.8251   107.86875
61.8501   108.1969
61.8751   108.5642
61.9001   108.97628
61.9251   109.43986
61.9501   109.96302
61.9751   110.55551
62.0001   111.22921
62.0251   111.99874
62.0501   112.88221
62.0751   113.90233
62.1001   115.08785
62.1251   116.47568
62.1501   118.11381
62.1751   120.06562
62.2001   122.41628
62.2251   125.2825
62.2501   128.8278
62.2751   133.2873
62.3001   139.0093
62.3251   146.52826
62.3501   156.69954
62.3751   170.96356
62.4001   191.90321
62.4251   224.53207
62.4501   279.66733
62.4751   386.64076
62.5001   688.57454
62.5251   1865.16742
62.5501   4385.95459
62.5751   3974.51457
62.6001   1544.03066
62.6251   668.03723
62.6501   509.27857
62.6751   623.19399
62.7001   1157.18671
62.7251   2039.37283
62.7501   1957.26699
62.7751   1018.19799
62.8001   475.35574
62.8251   290.23088
62.8501   223.39354
62.8751   189.09209
62.9001   167.9884
62.9251   153.94168
62.9501   144.11802
62.9751   136.97935
63.0001   131.5234
63.0251   127.28803
63.0501   123.92802
63.0751   121.21374
63.1001   118.98725
63.1251   117.13684
63.1501   115.58152
63.1751   114.26135
63.2001   113.13111
63.2251   112.15613
63.2501   111.30947
63.2751   110.56988
63.3001   109.92043
63.3251   109.34747
63.3501   108.8399
63.3751   108.38863
63.4001   107.98612
63.4251   107.62609
63.4501   107.30329
63.4751   107.01327
63.5001   106.75226
63.5251   106.51704
63.5501   106.30485
63.5751   106.11332
63.6001   105.95396
63.6251   105.90417
63.6501   105.76629
63.6751   105.64239
63.7001   105.53131
63.7251   105.43198
63.7501   105.34348
63.7751   105.265
63.8001   105.19581
63.8251   105.13528
63.8501   105.08283
63.8751   105.03797
63.9001   105.00024
63.9251   104.96925
63.9501   104.94464
63.9751   104.92612
