22.0001   203.11869
22.0251   202.89134
22.0501   202.70509
22.0751   202.56703
22.1001   202.48598
22.1251   202.47294
22.1501   202.54181
22.1751   202.71034
22.2001   203.00149
22.2251   203.4454
22.2501   204.08229
22.2751   204.96669
22.3001   206.17415
22.3251   207.81176
22.3501   210.03536
22.3751   213.07932
22.4001   217.31147
22.4251   223.34271
22.4501   232.24886
22.4751   245.97345
22.5001   267.84535
22.5251   302.55919
22.5501   354.74352
22.5751   426.50993
22.6001   510.64251
22.6251   575.53591
22.6501   573.64648
22.6751   516.94461
22.7001   444.87331
22.7251   369.88455
22.7501   309.12589
22.7751   268.64612
22.8001   243.46007
22.8251   227.60543
22.8501   217.08147
22.8751   209.66248
22.9001   204.17617
22.9251   199.98086
22.9501   196.76272
22.9751   194.05022
23.0001   191.78635
23.0251   189.86759
23.0501   188.21278
23.0751   186.7634
23.1001   185.47641
23.1251   184.31958
23.1501   183.26844
23.1751   182.30411
23.2001   181.41186
23.2251   180.58008
23.2501   179.79949
23.2751   179.06265
23.3001   178.36352
23.3251   177.69718
23.3501   177.05959
23.3751   176.4474
23.4001   175.85788
23.4251   175.28873
23.4501   174.73807
23.4751   174.20435
