44.0001   96.04209
44.0251   96.57569
44.0501   97.15356
44.0751   97.78193
44.1001   98.46817
44.1251   99.22103
44.1501   100.05101
44.1751   100.97077
44.2001   101.99566
44.2251   103.1445
44.2501   104.44049
44.2751   105.91254
44.3001   107.59704
44.3251   109.54024
44.3501   111.80172
44.3751   114.45917
44.4001   117.61541
44.4251   121.40895
44.4501   126.03059
44.4751   131.74813
44.5001   138.95835
44.5251   148.26807
44.5501   161.13695
44.5751   179.8917
44.6001   209.2626
44.6251   257.51972
44.6501   336.55516
44.6751   458.33056
44.7001   625.15073
44.7251   812.44088
44.7501   953.73519
44.7751   976.78728
44.8001   898.6936
44.8251   804.37688
44.8501   736.31965
44.8751   675.2553
44.9001   587.49519
44.9251   477.09264
44.9501   372.35608
44.9751   290.01496
45.0001   232.28175
45.0251   194.50396
45.0501   170.38892
45.0751   154.67582
45.1001   143.89362
45.1251   136.05115
45.1501   130.07141
45.1751   125.3615
45.2001   121.57048
45.2251   118.47178
45.2501   115.90852
45.2751   113.76702
45.3001   111.9625
45.3251   110.43056
45.3501   109.12145
45.3751   107.99631
45.4001   107.02439
45.4251   106.18112
45.4501   105.44666
45.4751   104.80486
45.5001   104.24244
45.5251   103.74844
45.5501   103.31372
45.5751   102.93122
45.6001   102.611
45.6251   102.37723
45.6501   102.11474
45.6751   101.88322
45.7001   101.67922
45.7251   101.49975
45.7501   101.34221
45.7751   101.20434
45.8001   101.08415
45.8251   100.9799
45.8501   100.89006
45.8751   100.81327
45.9001   100.74832
45.9251   100.69416
45.9501   100.64982
45.9751   100.61444
