45.8001   141.3361
45.8251   141.59192
45.8501   142.07555
45.8751   142.78504
45.9001   143.74885
45.9251   145.02556
45.9501   146.71252
45.9751   148.96546
46.0001   152.03693
46.0251   156.35295
46.0501   162.67514
46.0751   172.47678
46.1001   188.93976
46.1251   220.83516
46.1501   309.82451
46.1751   653.35249
46.2001   1517.94285
46.2251   1803.45619
46.2501   806.87966
46.2751   428.79232
46.3001   533.81624
46.3251   850.81442
46.3501   886.3451
46.3751   501.74732
46.4001   271.6078
46.4251   201.15275
46.4501   177.24354
46.4751   164.93768
46.5001   157.38609
46.5251   152.37432
46.5501   148.85987
46.5751   146.28763
46.6001   144.33176
46.6251   142.82007
46.6501   141.62239
46.6751   140.65378
46.7001   139.85792
46.7251   139.19503
46.7501   138.63627
46.7751   138.16029
46.8001   137.75102
46.8251   137.39616
46.8501   137.08555
46.8751   136.80823
46.9001   136.55451
46.9251   136.33999
46.9501   136.14803
46.9751   135.97542
