32.5001   179.4141
32.5251   179.49497
32.5501   179.5937
32.5751   179.71633
32.6001   179.87703
32.6251   180.1164
32.6501   180.39238
32.6751   180.6198
32.7001   180.88188
32.7251   181.18311
32.7501   181.52873
32.7751   181.9249
32.8001   182.37888
32.8251   182.89934
32.8501   183.49661
32.8751   184.18315
32.9001   184.97408
32.9251   185.88789
32.9501   186.94738
32.9751   188.18095
33.0001   189.62436
33.0251   191.3231
33.0501   193.34001
33.0751   195.7638
33.1001   198.73477
33.1251   202.34518
33.1501   206.69843
33.1751   212.14204
33.2001   219.06719
33.2251   228.06107
33.2501   240.04034
33.2751   256.50626
33.3001   280.07107
33.3251   315.6549
33.3501   373.67245
33.3751   484.23129
33.4001   787.76173
33.4251   1732.99992
33.4501   4034.52248
33.4751   7906.42311
33.5001   6925.55853
33.5251   3292.67048
33.5501   3543.20911
33.5751   4044.61611
33.6001   2288.07799
33.6251   926.19215
33.6501   511.94479
33.6751   384.12723
33.7001   320.89063
33.7251   282.70333
33.7501   257.66066
33.7751   240.27658
33.8001   227.6793
33.8251   218.23995
33.8501   210.97536
33.8751   205.2619
33.9001   200.68773
33.9251   196.97173
33.9501   193.9166
33.9751   191.38073
34.0001   189.26048
34.0251   187.47897
34.0501   185.9786
34.0751   184.73208
34.1001   183.74538
34.1251   183.1813
34.1501   182.57531
34.1751   182.02695
34.2001   181.62378
34.2251   181.36432
34.2501   181.2523
34.2751   181.29737
