32.5001   117.58137
32.5251   118.80164
32.5501   120.12327
32.5751   121.5571
32.6001   123.11548
32.6251   124.81252
32.6501   126.66442
32.6751   128.68985
32.7001   130.91044
32.7251   133.3513
32.7501   136.04177
32.7751   139.01631
32.8001   142.31872
32.8251   146.01668
32.8501   150.24342
32.8751   154.90557
32.9001   160.09394
32.9251   165.96858
32.9501   172.65543
32.9751   180.30696
33.0001   189.11159
33.0251   199.30195
33.0501   211.11311
33.0751   225.1644
33.1001   241.8645
33.1251   262.10057
33.1501   286.76155
33.1751   317.239
33.2001   355.51601
33.2251   404.49449
33.2501   468.55609
33.2751   554.58751
33.3001   674.02993
33.3251   847.26953
33.3501   1112.65929
33.3751   1540.8139
33.4001   2240.37822
33.4251   3301.87933
33.4501   4616.56075
33.4751   5630.52434
33.5001   5614.84108
33.5251   4923.03875
33.5501   4314.55116
33.5751   3699.08348
33.6001   2861.79192
33.6251   2040.31505
33.6501   1437.78813
33.6751   1047.70892
33.7001   801.89165
33.7251   642.16097
33.7501   532.63508
33.7751   453.79586
33.8001   395.00019
33.8251   350.00181
33.8501   314.85466
33.8751   286.93987
33.9001   264.46087
33.9251   246.15327
33.9501   231.10794
33.9751   218.65929
34.0001   208.31268
34.0251   199.69617
34.0501   192.52789
34.0751   186.59362
34.1001   181.73115
34.1251   177.81957
34.1501   174.77188
34.1751   172.53024
34.2001   171.06338
34.2251   170.36581
34.2501   170.45905
34.2751   171.39497
