29.0001   115.45424
29.0251   115.22627
29.0501   115.02815
29.0751   114.85938
29.1001   114.71977
29.1251   114.60945
29.1501   114.52886
29.1751   114.47877
29.2001   114.46028
29.2251   114.47485
29.2501   114.52438
29.2751   114.61269
29.3001   114.74554
29.3251   114.93857
29.3501   115.15625
29.3751   115.42608
29.4001   115.75373
29.4251   116.14596
29.4501   116.61081
29.4751   117.15788
29.5001   117.79872
29.5251   118.54722
29.5501   119.42024
29.5751   120.43832
29.6001   121.62671
29.6251   123.01668
29.6501   124.6473
29.6751   126.56785
29.7001   128.84119
29.7251   131.54844
29.7501   134.79572
29.7751   138.72386
29.8001   143.52286
29.8251   149.45381
29.8501   156.88294
29.8751   166.33634
29.9001   178.59203
29.9251   194.84369
29.9501   217.00632
29.9751   248.28302
30.0001   294.10691
30.0251   363.24485
30.0501   467.54203
30.0751   616.20768
30.1001   800.80815
30.1251   973.48925
30.1501   1047.95868
30.1751   995.61136
30.2001   890.04113
30.2251   768.25346
30.2501   625.95299
30.2751   488.17891
30.3001   380.6187
30.3251   305.45388
30.3501   254.72241
30.3751   220.22305
30.4001   196.03718
30.4251   178.43808
30.4501   165.19741
30.4751   154.96698
30.5001   146.89227
30.5251   140.40455
30.5501   135.11099
30.5751   130.73282
30.6001   127.06788
30.6251   123.96676
30.6501   121.31722
30.6751   119.03365
30.7001   117.04985
30.7251   115.31402
30.7501   113.78514
30.7751   112.43041
30.8001   111.22335
30.8251   110.1424
30.8501   109.16987
30.8751   108.29114
30.9001   107.49403
30.9251   106.76836
30.9501   106.10555
30.9751   105.49832
31.0001   104.94053
31.0251   104.42689
31.0501   103.95288
31.0751   103.51463
31.1001   103.10883
31.1251   102.73408
31.1501   102.39081
31.1751   102.08891
31.2001   101.78779
31.2251   101.5081
31.2501   101.24849
31.2751   101.00783
31.3001   100.78521
31.3251   100.57994
31.3501   100.39161
31.3751   100.22061
31.4001   100.06989
31.4251   99.95092
31.4501   99.8428
31.4751   99.75219
