69.4001   164.68567
69.4251   162.63358
69.4501   159.14008
69.4751   156.94801
69.5001   157.03556
69.5251   159.49204
69.5501   164.27381
69.5751   171.53089
69.6001   181.76073
69.6251   195.964
69.6501   215.96765
69.6751   244.92689
69.7001   288.46918
69.7251   355.34588
69.7501   456.14896
69.7751   594.94113
69.8001   743.92578
69.8251   817.67028
69.8501   755.31212
69.8751   625.01743
69.9001   513.64673
69.9251   450.74509
69.9501   435.59182
69.9751   457.79766
70.0001   495.78292
70.0251   510.20939
70.0501   471.48558
70.0751   398.65506
70.1001   326.61868
70.1251   270.65956
70.1501   231.41763
70.1751   204.90963
70.2001   187.02443
70.2251   174.83325
70.2501   166.62206
70.2751   161.55108
70.3001   159.00157
70.3251   158.08121
70.3501   156.59234
70.3751   152.45877
70.4001   146.77334
70.4251   141.71875
70.4501   138.13831
70.4751   136.0226
70.5001   135.1097
70.5251   134.92582
70.5501   134.57315
70.5751   133.12458
