22.0001   256.28175
22.0251   256.0944
22.0501   255.91376
22.0751   255.74101
22.1001   255.57763
22.1251   255.42545
22.1501   255.28681
22.1751   255.16468
22.2001   255.06294
22.2251   254.98669
22.2501   254.94276
22.2751   254.94052
22.3001   254.9932
22.3251   255.11972
22.3501   255.34814
22.3751   255.72217
22.4001   256.31177
22.4251   257.22916
22.4501   258.70307
22.4751   261.24441
22.5001   266.88837
22.5251   283.44336
22.5501   319.70635
22.5751   382.26612
22.6001   498.98361
22.6251   715.48956
22.6501   758.89222
22.6751   547.26559
22.7001   495.72082
22.7251   377.04754
22.7501   293.30728
22.7751   269.10008
22.8001   261.2906
22.8251   257.19403
22.8501   254.61239
22.8751   252.8383
22.9001   251.53688
22.9251   250.53157
22.9501   249.72176
22.9751   249.0465
23.0001   248.46703
23.0251   247.95773
23.0501   247.50104
23.0751   247.08464
23.1001   246.69965
23.1251   246.33952
23.1501   245.99937
23.1751   245.67546
23.2001   245.36492
23.2251   245.06549
23.2501   244.77541
23.2751   244.49325
23.3001   244.21785
23.3251   243.94831
23.3501   243.68385
23.3751   243.42386
23.4001   243.16781
23.4251   242.91529
23.4501   242.66594
23.4751   242.41947
