28.0001   238.99146
28.0251   238.79657
28.0501   238.60132
28.0751   238.40577
28.1001   238.21002
28.1251   238.01416
28.1501   237.81827
28.1751   237.62247
28.2001   237.42685
28.2251   237.23241
28.2501   237.06533
28.2751   236.96178
28.3001   237.01029
28.3251   237.41874
28.3501   237.25738
28.3751   237.0987
28.4001   236.94298
28.4251   236.79053
28.4501   236.64169
28.4751   236.49683
28.5001   236.35636
28.5251   236.22071
28.5501   236.09037
28.5751   235.96585
28.6001   235.84774
28.6251   235.73665
28.6501   235.63329
28.6751   235.53842
28.7001   235.45288
28.7251   235.3776
28.7501   235.31363
28.7751   235.26211
28.8001   235.22433
28.8251   235.20171
28.8501   235.19588
28.8751   235.20863
28.9001   235.242
28.9251   235.2983
28.9501   235.38011
28.9751   235.49043
29.0001   235.63263
29.0251   235.81059
29.0501   236.02878
29.0751   236.29235
29.1001   236.6073
29.1251   236.9806
29.1501   237.42042
29.1751   237.9364
29.2001   238.53993
29.2251   239.24461
29.2501   240.06673
29.2751   241.026
29.3001   242.14638
29.3251   243.45728
29.3501   244.99516
29.3751   246.80558
29.4001   248.94616
29.4251   251.49062
29.4501   254.53457
29.4751   258.20382
29.5001   262.66676
29.5251   268.15303
29.5501   274.98278
29.5751   283.61367
29.6001   294.71965
29.6251   309.32905
29.6501   329.08014
29.6751   356.72819
29.7001   397.24461
29.7251   460.52382
29.7501   571.09397
29.7751   832.36918
29.8001   1631.69603
29.8251   3536.58886
29.8501   7564.85673
29.8751   12791.8337
29.9001   8774.06916
29.9251   5393.57792
29.9501   6169.70024
29.9751   4411.34922
30.0001   1794.65719
30.0251   841.32528
30.0501   578.65862
30.0751   464.02526
30.1001   397.34749
30.1251   354.50557
30.1501   325.17685
30.1751   304.12049
30.2001   288.43026
30.2251   276.38266
30.2501   266.89972
30.2751   259.27752
30.3001   253.03969
30.3251   247.85404
30.3501   243.48294
30.3751   239.75256
30.4001   236.53332
30.4251   233.72694
30.4501   231.25777
30.4751   229.06677
30.5001   227.10732
30.5251   225.34218
30.5501   223.74134
30.5751   222.28036
30.6001   220.9392
30.6251   219.70127
30.6501   218.55277
30.6751   217.48211
30.7001   216.47954
30.7251   215.53678
30.7501   214.64677
30.7751   213.80345
30.8001   213.00162
30.8251   212.23677
30.8501   211.50499
30.8751   210.80288
30.9001   210.12745
30.9251   209.47608
30.9501   208.84647
30.9751   208.23659
31.0001   207.64462
31.0251   207.06897
31.0501   206.50821
31.0751   205.96106
31.1001   205.42638
31.1251   204.90314
31.1501   204.39044
31.1751   203.88743
31.2001   203.39336
31.2251   202.90756
31.2501   202.42942
31.2751   201.95837
31.3001   201.49392
31.3251   201.03559
31.3501   200.58297
31.3751   200.13566
31.4001   199.69333
31.4251   199.25565
31.4501   198.82232
31.4751   198.39307
31.5001   197.96765
31.5251   197.54488
31.5501   197.09891
31.5751   196.59622
31.6001   195.95232
31.6251   194.98952
31.6501   194.60913
31.6751   194.23016
31.7001   193.85254
31.7251   193.47622
31.7501   193.10114
31.7751   192.72723
31.8001   192.35446
31.8251   191.98182
31.8501   191.58348
31.8751   191.12575
31.9001   190.52346
31.9251   189.59779
31.9501   189.2527
31.9751   188.90772
