61.0001   85.28084
61.0251   85.42564
61.0501   85.58027
61.0751   85.74534
61.1001   85.92148
61.1251   86.10941
61.1501   86.30988
61.1751   86.52371
61.2001   86.75182
61.2251   86.99505
61.2501   87.21815
61.2751   87.34782
61.3001   87.64554
61.3251   87.96344
61.3501   88.30307
61.3751   88.66615
61.4001   89.05456
61.4251   89.47041
61.4501   89.916
61.4751   90.39392
61.5001   90.90703
61.5251   91.45854
61.5501   92.05202
61.5751   92.6915
61.6001   93.39581
61.6251   94.20817
61.6501   95.01587
61.6751   95.89152
61.7001   96.84257
61.7251   97.87756
61.7501   99.00626
61.7751   100.23994
61.8001   101.59162
61.8251   103.07642
61.8501   104.71201
61.8751   106.51908
61.9001   108.52202
61.9251   110.74974
61.9501   113.23673
61.9751   116.02436
62.0001   119.16261
62.0251   122.71232
62.0501   126.74814
62.0751   131.36241
62.1001   136.67046
62.1251   142.81784
62.1501   149.99067
62.1751   158.43112
62.2001   168.46338
62.2251   180.54193
62.2501   195.35014
62.2751   214.00619
62.3001   238.47604
62.3251   272.32294
62.3501   321.86236
62.3751   397.50521
62.4001   514.47473
62.4251   691.39075
62.4501   945.10468
62.4751   1281.14865
62.5001   1680.12642
62.5251   2080.4508
62.5501   2370.03963
62.5751   2438.19485
62.6001   2287.89392
62.6251   2039.93645
62.6501   1815.67077
62.6751   1672.43948
62.7001   1603.17932
62.7251   1551.24278
62.7501   1447.10483
62.7751   1267.11501
62.8001   1045.09359
62.8251   826.56958
62.8501   639.46631
62.8751   493.66439
62.9001   387.60683
62.9251   313.97354
62.9501   263.90877
62.9751   229.61781
63.0001   205.3724
63.0251   187.44013
63.0501   173.5671
63.0751   162.43642
63.1001   153.26999
63.1251   145.58483
63.1501   139.05965
63.1751   133.46605
63.2001   128.63333
63.2251   124.4297
63.2501   120.75126
63.2751   117.51493
63.3001   114.65357
63.3251   112.11243
63.3501   109.84649
63.3751   107.81844
63.4001   105.9972
63.4251   104.35664
63.4501   102.87471
63.4751   101.53272
63.5001   100.31467
63.5251   99.20687
63.5501   98.19753
63.5751   97.27644
63.6001   96.43474
63.6251   95.66471
63.6501   94.95962
63.6751   94.31354
63.7001   93.72128
63.7251   93.17824
63.7501   92.68038
63.7751   92.22412
63.8001   91.80629
63.8251   91.42405
63.8501   91.07492
63.8751   90.75666
63.9001   90.4673
63.9251   90.20508
63.9501   89.96844
63.9751   89.75603
