44.0001   127.54383
44.0251   127.7065
44.0501   127.87847
44.0751   128.06104
44.1001   128.25574
44.1251   128.46439
44.1501   128.68921
44.1751   128.93285
44.2001   129.19858
44.2251   129.49039
44.2501   129.81327
44.2751   130.17343
44.3001   130.57882
44.3251   131.03959
44.3501   131.56899
44.3751   132.18453
44.4001   132.90978
44.4251   133.77709
44.4501   134.83187
44.4751   136.13955
44.5001   137.79734
44.5251   139.95503
44.5501   142.85371
44.5751   146.90296
44.6001   152.84728
44.6251   162.16443
44.6501   178.19799
44.6751   211.65426
44.7001   318.37726
44.7251   709.23147
44.7501   1464.20826
44.7751   1322.06713
44.8001   551.10506
44.8251   392.68854
44.8501   571.24049
44.8751   801.25952
44.9001   624.63377
44.9251   327.85065
44.9501   208.52036
44.9751   174.0452
45.0001   159.83093
45.0251   151.77701
45.0501   146.67568
45.0751   143.23212
45.1001   140.79691
45.1251   139.01288
45.1501   137.6696
45.1751   136.63618
45.2001   135.82744
45.2251   135.1859
45.2501   134.67154
45.2751   134.25574
45.3001   133.91758
45.3251   133.64147
45.3501   133.41555
45.3751   133.2307
45.4001   133.07979
45.4251   132.95719
45.4501   132.85837
45.4751   132.7797
45.5001   132.7182
45.5251   132.67144
45.5501   132.63738
45.5751   132.61434
45.6001   132.60089
45.6251   132.59584
45.6501   132.59817
45.6751   132.607
45.7001   132.62158
45.7251   132.64127
45.7501   132.6655
45.7751   132.69379
45.8001   132.72571
45.8251   132.76089
45.8501   132.79898
45.8751   132.83971
45.9001   132.88282
45.9251   132.92806
45.9501   132.97525
45.9751   133.02418
