28.0001   168.53536
28.0251   168.54789
28.0501   168.5728
28.0751   168.61048
28.1001   168.66137
28.1251   168.72596
28.1501   168.80477
28.1751   168.8984
28.2001   169.00752
28.2251   169.13283
28.2501   169.27513
28.2751   169.4353
28.3001   169.61427
28.3251   169.8131
28.3501   170.03291
28.3751   170.27496
28.4001   170.54059
28.4251   170.83131
28.4501   171.14873
28.4751   171.49465
28.5001   171.871
28.5251   172.27993
28.5501   172.7238
28.5751   173.20518
28.6001   173.72692
28.6251   174.29215
28.6501   174.91104
28.6751   175.65041
28.7001   176.61906
28.7251   178.19766
28.7501   179.04975
28.7751   179.97268
28.8001   180.97294
28.8251   182.05779
28.8501   183.23537
28.8751   184.51483
28.9001   185.90649
28.9251   187.42202
28.9501   189.07465
28.9751   190.87943
29.0001   192.85354
29.0251   195.01662
29.0501   197.38422
29.0751   199.97071
29.1001   202.79566
29.1251   205.86625
29.1501   209.11088
29.1751   212.85523
29.2001   217.23287
29.2251   222.12904
29.2501   227.62533
29.2751   233.82001
29.3001   240.83227
29.3251   248.80786
29.3501   257.92641
29.3751   268.41138
29.4001   280.54348
29.4251   294.67918
29.4501   311.27655
29.4751   330.93185
29.5001   354.43268
29.5251   382.83683
29.5501   417.59495
29.5751   460.75729
29.6001   515.36805
29.6251   586.31907
29.6501   682.31154
29.6751   820.17319
29.7001   1033.08178
29.7251   1382.50633
29.7501   1967.04008
29.7751   2908.74777
29.8001   4287.69701
29.8251   6017.37156
29.8501   7719.07885
29.8751   8740.42077
29.9001   8649.47753
29.9251   7770.84943
29.9501   6555.18776
29.9751   5148.97104
30.0001   3760.87544
30.0251   2632.05963
30.0501   1832.88072
30.0751   1313.29564
30.1001   989.89879
30.1251   788.15481
30.1501   656.5104
30.1751   564.83459
30.2001   497.16197
30.2251   445.22245
30.2501   404.38792
30.2751   370.81506
30.3001   343.2145
30.3251   320.20424
30.3501   300.70328
30.3751   284.33667
30.4001   270.3173
30.4251   258.2128
30.4501   247.6858
30.4751   238.47
30.5001   230.35295
30.5251   223.16351
30.5501   216.76262
30.5751   211.0363
30.6001   205.89047
30.6251   201.24689
30.6501   197.0401
30.6751   193.21494
30.7001   189.72474
30.7251   186.52975
30.7501   183.59597
30.7751   180.89415
30.8001   178.39906
30.8251   176.08881
30.8501   173.94437
30.8751   171.94908
30.9001   170.08836
30.9251   168.34939
30.9501   166.72083
30.9751   165.19268
31.0001   163.75604
31.0251   162.403
31.0501   161.1265
31.0751   159.92023
31.1001   158.77854
31.1251   157.69635
31.1501   156.66907
31.1751   155.69259
31.2001   154.76318
31.2251   153.87746
31.2501   153.03239
31.2751   152.22517
31.3001   151.45328
31.3251   150.71443
31.3501   150.00652
31.3751   149.32763
31.4001   148.67602
31.4251   148.05008
31.4501   147.44835
31.4751   146.86949
31.5001   146.31226
31.5251   145.77555
31.5501   145.25489
31.5751   144.74
31.6001   144.22137
31.6251   143.67116
31.6501   142.99461
31.6751   142.56513
31.7001   142.15042
31.7251   141.74993
31.7501   141.36313
31.7751   140.98955
31.8001   140.62877
31.8251   140.28039
31.8501   139.94405
31.8751   139.61945
31.9001   139.30628
31.9251   139.0043
31.9501   138.71329
31.9751   138.43303
