61.5001   110.73238
61.5251   110.72634
61.5501   110.83279
61.5751   111.05105
61.6001   111.38205
61.6251   111.83923
61.6501   112.43916
61.6751   113.20488
61.7001   114.18295
61.7251   115.42086
61.7501   116.99345
61.7751   119.0085
61.8001   121.62499
61.8251   125.08568
61.8501   129.77608
61.8751   136.32228
61.9001   145.73118
61.9251   159.4788
61.9501   179.3158
61.9751   206.09877
62.0001   236.21197
62.0251   256.87997
62.0501   254.26159
62.0751   233.89933
62.1001   212.73401
62.1251   199.94682
62.1501   196.50103
62.1751   198.71262
62.2001   199.16984
62.2251   191.17637
62.2501   176.11817
62.2751   160.16775
62.3001   146.99407
62.3251   137.24352
62.3501   130.32222
62.3751   125.44999
62.4001   121.98222
62.4251   119.47197
62.4501   117.63672
62.4751   116.30482
62.5001   115.3753
62.5251   114.79422
62.5501   114.54472
62.5751   114.64716
