22.5001   201.86812
22.5251   203.60372
22.5501   205.50283
22.5751   207.58316
22.6001   209.865
22.6251   212.37168
22.6501   215.13012
22.6751   218.17156
22.7001   221.53234
22.7251   225.255
22.7501   229.38953
22.7751   233.99506
22.8001   239.14187
22.8251   244.91403
22.8501   251.41279
22.8751   258.76094
22.9001   267.10857
22.9251   276.64066
22.9501   287.58725
22.9751   300.23734
23.0001   314.95784
23.0251   332.22025
23.0501   352.63846
23.0751   377.02358
23.1001   406.46558
23.1251   442.46035
23.1501   487.12293
23.1751   543.5886
23.2001   616.85842
23.2251   715.67203
23.2501   856.4704
23.2751   1070.74823
23.3001   1416.00515
23.3251   1985.90916
23.3501   2903.99224
23.3751   4274.44717
23.4001   6083.25916
23.4251   8071.11497
23.4501   9629.50462
23.4751   10009.7794
23.5001   9112.14067
23.5251   7498.58848
23.5501   5637.2542
23.5751   3944.19867
23.6001   2678.87446
23.6251   1844.39019
23.6501   1330.11137
23.6751   1018.8568
23.7001   824.44999
23.7251   694.91942
23.7501   602.55778
23.7751   533.20138
23.8001   479.29784
23.8251   436.42419
23.8501   401.7357
23.8751   373.27791
23.9001   349.65261
23.9251   329.83336
23.9501   313.05523
23.9751   298.75608
24.0001   286.51088
24.0251   276.08059
24.0501   267.05435
24.0751   258.92008
24.1001   251.76203
24.1251   245.43538
24.1501   239.82153
24.1751   234.82259
24.2001   230.35727
24.2251   226.3576
24.2501   222.76645
24.2751   219.53556
24.3001   216.62392
24.3251   213.9966
24.3501   211.6237
24.3751   209.47951
24.4001   207.54196
24.4251   205.79194
24.4501   204.21299
24.4751   202.79084
