29.0001   198.5912
29.0251   198.40537
29.0501   198.22404
29.0751   198.04713
29.1001   197.8746
29.1251   197.70644
29.1501   197.54273
29.1751   197.38355
29.2001   197.22905
29.2251   197.07945
29.2501   196.935
29.2751   196.79602
29.3001   196.66291
29.3251   196.53614
29.3501   196.41629
29.3751   196.3039
29.4001   196.19801
29.4251   196.09774
29.4501   196.00006
29.4751   195.8815
29.5001   195.82495
29.5251   195.78385
29.5501   195.76064
29.5751   195.75824
29.6001   195.78032
29.6251   195.83141
29.6501   195.9172
29.6751   196.04475
29.7001   196.22147
29.7251   196.45728
29.7501   196.76234
29.7751   197.13145
29.8001   197.6708
29.8251   198.36413
29.8501   199.31266
29.8751   200.57329
29.9001   202.2764
29.9251   204.63041
29.9501   207.98715
29.9751   212.98452
30.0001   220.90108
30.0251   234.96773
30.0501   269.08008
30.0751   373.77439
30.1001   621.93302
30.1251   1146.31906
30.1501   1747.05329
30.1751   1176.21203
30.2001   820.70926
30.2251   920.85394
30.2501   685.40218
30.2751   373.61709
30.3001   263.10823
30.3251   232.17094
30.3501   218.34313
30.3751   210.20174
30.4001   204.90991
30.4251   201.24012
30.4501   198.56634
30.4751   196.54028
30.5001   194.95483
30.5251   193.68019
30.5501   192.63144
30.5751   191.751
30.6001   190.99871
30.6251   190.34588
30.6501   189.77459
30.6751   189.27372
30.7001   188.85412
30.7251   188.46063
30.7501   188.07692
30.7751   187.72185
30.8001   187.39092
30.8251   187.08045
30.8501   186.78747
30.8751   186.50956
30.9001   186.24468
30.9251   185.99116
30.9501   185.74759
30.9751   185.51278
31.0001   185.28574
31.0251   185.06561
31.0501   184.85165
31.0751   184.64324
31.1001   184.44096
31.1251   184.24862
31.1501   184.07318
31.1751   183.93726
31.2001   183.75236
31.2251   183.57081
31.2501   183.39239
31.2751   183.21693
31.3001   183.04428
31.3251   182.87435
31.3501   182.70708
31.3751   182.54247
31.4001   182.38067
31.4251   182.22202
31.4501   182.06757
31.4751   181.92182
