22.5001   251.75766
22.5251   252.20278
22.5501   252.67842
22.5751   253.18791
22.6001   253.73506
22.6251   254.32428
22.6501   254.96065
22.6751   255.65009
22.7001   256.39951
22.7251   257.21699
22.7501   258.11207
22.7751   259.09604
22.8001   260.18236
22.8251   261.3872
22.8501   262.73005
22.8751   264.23466
22.9001   265.93016
22.9251   267.8526
22.9501   270.04706
22.9751   272.57047
23.0001   275.49563
23.0251   278.91686
23.0501   282.95817
23.0751   287.78536
23.1001   293.62437
23.1251   300.78992
23.1501   309.73176
23.1751   321.11244
23.2001   335.94454
23.2251   355.84814
23.2501   383.57306
23.2751   424.17902
23.3001   488.40489
23.3251   612.51853
23.3501   957.79407
23.3751   1801.0344
23.4001   3310.72888
23.4251   6121.87962
23.4501   11519.1216
23.4751   13374.4636
23.5001   7772.81116
23.5251   6661.12858
23.5501   3989.1831
23.5751   1567.22041
23.6001   819.42256
23.6251   600.08689
23.6501   493.81637
23.6751   430.33245
23.7001   389.08986
23.7251   360.70226
23.7501   340.29158
23.7751   325.10709
23.8001   313.49664
23.8251   304.42094
23.8501   297.20772
23.8751   291.40274
23.9001   286.71627
23.9251   283.08907
23.9501   279.74811
23.9751   276.91975
24.0001   274.50592
24.0251   272.43101
24.0501   270.63594
24.0751   269.07398
24.1001   267.70777
24.1251   266.50719
24.1501   265.4477
24.1751   264.50913
24.2001   263.67484
24.2251   262.93093
24.2501   262.26628
24.2751   261.68229
24.3001   261.18328
24.3251   260.78266
24.3501   260.58192
24.3751   260.41382
24.4001   260.07881
24.4251   259.77875
24.4501   259.51038
24.4751   259.27085
